./dataset/synImgs/0000.jpg -0.09269340983099028,-0.06259223136002517 251,21,459,0
./dataset/synImgs/0001.jpg 0.15399255647881266,-0.3471676684462417 140,146,1030,0
./dataset/synImgs/0002.jpg -0.16681666219612318,-0.23918014599482398 75,223,1467,0
./dataset/synImgs/0003.jpg -0.27687997936516306,-0.11289988144059693 116,44,891,0
./dataset/synImgs/0004.jpg 0.29008540109339725,-0.09160712823975786 39,208,477,0
./dataset/synImgs/0005.jpg -0.32589968794979574,0.33728508536178775 288,76,1498,0
./dataset/synImgs/0006.jpg -0.14522884738994046,-0.28559176800697317 89,221,230,0
./dataset/synImgs/0007.jpg 0.0843915211633548,-0.3008907504527454 41,20,1826,0
./dataset/synImgs/0008.jpg -0.3484959639406625,-0.27497491708152444 168,49,1005,0
./dataset/synImgs/0009.jpg -0.29658019233188504,0.17594744892115094 83,96,1290,0
./dataset/synImgs/0010.jpg 0.19150048874427777,0.2688696530889629 187,101,1101,0
./dataset/synImgs/0011.jpg -0.08407970547195304,0.03351211558474321 101,31,1966,0
./dataset/synImgs/0012.jpg -0.07284041641747563,-0.2627627350837225 123,171,1026,0
./dataset/synImgs/0013.jpg 0.1701455074536506,-0.3377914457280685 150,54,1934,0
./dataset/synImgs/0014.jpg -0.11603780623020962,0.09655107630306009 266,136,1499,0
./dataset/synImgs/0015.jpg -0.3052158666821025,0.006771100917842832 199,31,1338,0
./dataset/synImgs/0016.jpg 0.316574296064525,-0.316273470326012 78,79,548,0
./dataset/synImgs/0017.jpg -0.18783141289477698,-0.005120332132050376 56,80,1250,0
./dataset/synImgs/0018.jpg 0.06085945603509746,-0.11408008761030064 51,81,1045,0
./dataset/synImgs/0019.jpg -0.31896575237882474,0.08069373596796131 266,196,280,0
./dataset/synImgs/0020.jpg 0.1497465807135247,0.28842074694898095 206,179,1220,0
./dataset/synImgs/0021.jpg -0.15409041854506825,0.057208357467123716 109,135,438,0
./dataset/synImgs/0022.jpg -0.2379366659295955,0.13183367006230357 69,188,478,0
./dataset/synImgs/0023.jpg 0.08279799647005937,-0.11820610503881263 141,223,937,0
./dataset/synImgs/0024.jpg -0.22680573733655657,0.028642806334997994 73,98,962,0
./dataset/synImgs/0025.jpg -0.103546512067208,0.28708409979111454 229,84,1542,0
./dataset/synImgs/0026.jpg -0.2907709961839865,-0.06272183828230599 55,161,1486,0
./dataset/synImgs/0027.jpg -0.14176216725730698,0.11199365366955943 193,35,571,0
./dataset/synImgs/0028.jpg 0.20230623660039654,0.14320591409855116 143,191,229,0
./dataset/synImgs/0029.jpg -0.2364244935024266,-0.07861162926202858 42,86,1584,0
./dataset/synImgs/0030.jpg 0.26072374694758643,-0.013461487382730397 176,136,1787,0
./dataset/synImgs/0031.jpg -0.1706839244425626,-0.24057038852560167 259,123,1000,0
./dataset/synImgs/0032.jpg -0.1589935145792322,-0.02123078802291789 266,156,335,0
./dataset/synImgs/0033.jpg 0.2004901526771366,-0.14069062709292668 125,142,1408,0
./dataset/synImgs/0034.jpg 0.08602870275595598,0.0978880193267585 196,79,1540,0
./dataset/synImgs/0035.jpg -0.09501286215106342,-0.007505203752152079 227,57,202,0
./dataset/synImgs/0036.jpg -0.14251539556737813,-0.11068883788343514 152,60,1369,0
./dataset/synImgs/0037.jpg 0.31206241945261654,-0.12598246741034963 261,140,1744,0
./dataset/synImgs/0038.jpg -0.13742799592954097,0.04241748917577348 37,167,510,0
./dataset/synImgs/0039.jpg 0.2941808599871181,0.21079878481091968 143,98,921,0
./dataset/synImgs/0040.jpg 0.022108632422894847,-0.2463743121483411 107,20,1086,0
./dataset/synImgs/0041.jpg 0.16891130513911473,0.27513841629777175 213,216,869,0
./dataset/synImgs/0042.jpg 0.3077950321449871,0.3044561879760452 236,166,606,0
./dataset/synImgs/0043.jpg 0.31876127406141025,0.1454663229028813 76,27,1646,0
./dataset/synImgs/0044.jpg -0.08000515678445752,0.14942767094141285 210,118,1627,0
./dataset/synImgs/0045.jpg 0.0623870666976859,0.011939386484469683 91,21,466,0
./dataset/synImgs/0046.jpg 0.33490457727232065,-0.26865090058746366 116,95,449,0
./dataset/synImgs/0047.jpg 0.31487948216756206,-0.17079394153594044 156,31,1240,0
./dataset/synImgs/0048.jpg 0.2146756481760806,-0.12152679041939776 153,144,210,0
./dataset/synImgs/0049.jpg -0.3065214405700419,0.1866817852030293 38,218,1385,0
./dataset/synImgs/0050.jpg -0.3419230999437124,0.1350580159461734 107,144,1809,0
./dataset/synImgs/0051.jpg -0.18996824071265433,-0.3041651270363271 273,23,915,0
./dataset/synImgs/0052.jpg -0.1438568762664496,-0.15721041660383248 235,195,1101,0
./dataset/synImgs/0053.jpg -0.15819694896442676,0.27842965467466446 152,175,1241,0
./dataset/synImgs/0054.jpg -0.2683921086162586,-0.07511570222535846 57,22,445,0
./dataset/synImgs/0055.jpg -0.25388123596933615,-0.14440674620354382 152,155,276,0
./dataset/synImgs/0056.jpg -0.04513632657363703,0.0660311818688808 43,112,858,0
./dataset/synImgs/0057.jpg 0.16755952941862545,0.04833762691566024 187,63,1905,0
./dataset/synImgs/0058.jpg -0.14059762004368248,0.18414762439393367 237,52,1595,0
./dataset/synImgs/0059.jpg -0.056071922800031204,-0.21645551799628177 266,64,718,0
./dataset/synImgs/0060.jpg -0.1978001281609648,0.2996136438146891 49,115,1782,0
./dataset/synImgs/0061.jpg 0.024117081468412627,0.2624501194171594 285,199,1871,0
./dataset/synImgs/0062.jpg -0.1015712459938922,0.29812541087873873 177,67,2000,0
./dataset/synImgs/0063.jpg -0.3142857526921862,-0.33230153494512754 195,95,428,0
./dataset/synImgs/0064.jpg 0.3084034850527401,0.22140145123981786 278,104,1679,0
./dataset/synImgs/0065.jpg -0.18898407209200785,0.05187790656997726 263,100,1365,0
./dataset/synImgs/0066.jpg 0.2700275511958525,0.20977875009371233 159,143,1761,0
./dataset/synImgs/0067.jpg 0.11521844839403389,0.19345667125068627 84,48,1143,0
./dataset/synImgs/0068.jpg 0.024499876468485504,0.31513450848784724 95,129,746,0
./dataset/synImgs/0069.jpg -0.09708875778393389,-0.07090215535768452 202,171,681,0
./dataset/synImgs/0070.jpg 0.00563706108121137,-0.2091537204494502 120,18,1628,0
./dataset/synImgs/0071.jpg -0.18109509196071905,0.15119735123590233 105,203,453,0
./dataset/synImgs/0072.jpg -0.01787732725716118,0.12429080612862903 240,92,1143,0
./dataset/synImgs/0073.jpg -0.3171201472694304,-0.1286912788230656 170,215,1659,0
./dataset/synImgs/0074.jpg 0.13272948784104632,0.08580348788488312 197,26,1012,0
./dataset/synImgs/0075.jpg 0.27465891770017964,-0.3157423137616492 49,116,616,0
./dataset/synImgs/0076.jpg 0.030086508013209168,-0.27518512520732247 81,174,593,0
./dataset/synImgs/0077.jpg -0.047656965040645705,-0.18434624047427361 107,62,1747,0
./dataset/synImgs/0078.jpg -0.05403526466466452,-0.12678491111797136 83,143,491,0
./dataset/synImgs/0079.jpg 0.2073685024696475,0.2010638363842679 124,203,781,0
./dataset/synImgs/0080.jpg 0.04894242805726817,-0.314930981390226 200,139,1505,0
./dataset/synImgs/0081.jpg 0.15885885318067666,0.25202274359893323 250,138,1372,0
./dataset/synImgs/0082.jpg 0.27263749790180275,-0.21311450003307308 82,73,1580,0
./dataset/synImgs/0083.jpg -0.3167252480737155,0.12063542497541763 189,48,1656,0
./dataset/synImgs/0084.jpg -0.024226225955347402,0.24928057917623342 205,135,238,0
./dataset/synImgs/0085.jpg -0.12126636399864674,-0.1286083397601031 158,137,1529,0
./dataset/synImgs/0086.jpg -0.07260450485833503,-0.25569183056964406 218,21,1914,0
./dataset/synImgs/0087.jpg 0.17191511940193,-0.15438755365454698 207,63,1008,0
./dataset/synImgs/0088.jpg 0.09607147553773321,-0.17593665613812126 224,153,1981,0
./dataset/synImgs/0089.jpg -0.09587511488202582,0.18690350770905834 207,192,476,0
./dataset/synImgs/0090.jpg -0.1439160231445388,0.2822894070225623 174,75,1533,0
./dataset/synImgs/0091.jpg 0.259283409665155,-0.13274750062316804 255,49,1075,0
./dataset/synImgs/0092.jpg 0.19570410917169573,-0.30269516336255997 193,197,889,0
./dataset/synImgs/0093.jpg 0.29508792911816856,0.3062846708870916 147,89,510,0
./dataset/synImgs/0094.jpg 0.16029638466982915,0.14318583936687845 219,216,501,0
./dataset/synImgs/0095.jpg 0.011868276851028814,0.1933019161241693 180,147,1621,0
./dataset/synImgs/0096.jpg -0.0732453655322789,-0.1193915049140026 237,100,1130,0
./dataset/synImgs/0097.jpg -0.07724587684172052,-0.1725781351227094 170,54,1763,0
./dataset/synImgs/0098.jpg 0.22388336592510233,-0.16012398866644628 205,206,372,0
./dataset/synImgs/0099.jpg 0.07164950506159334,0.05619788895680511 161,158,1395,0
./dataset/synImgs/0100.jpg -0.2240270990208454,-0.1174372556758651 260,93,1565,0
./dataset/synImgs/0101.jpg 0.3400700833880101,-0.12740154172472729 147,138,1225,0
./dataset/synImgs/0102.jpg 0.06745526246831396,0.10837119357019459 120,88,834,0
./dataset/synImgs/0103.jpg 0.17084810156670188,-0.2760654528396306 162,90,1222,0
./dataset/synImgs/0104.jpg -0.07007941499272968,-0.3123371701693951 49,215,828,0
./dataset/synImgs/0105.jpg 0.32489485968819104,0.28497274141559287 117,73,498,0
./dataset/synImgs/0106.jpg 0.12285596541888222,-0.013674282452645292 284,44,1911,0
./dataset/synImgs/0107.jpg -0.1291391197126231,-0.07140907958813414 115,201,1161,0
./dataset/synImgs/0108.jpg -0.1052124796391295,-0.03232890771158847 257,109,497,0
./dataset/synImgs/0109.jpg -0.2971352745692179,-0.23041386513659246 109,112,780,0
./dataset/synImgs/0110.jpg 0.17499828494670772,0.29453699609548195 290,160,1629,0
./dataset/synImgs/0111.jpg 0.19038804422352557,-0.14162679217012764 176,128,833,0
./dataset/synImgs/0112.jpg 0.0829711971031391,-0.08353446852579166 50,82,1222,0
./dataset/synImgs/0113.jpg -0.19714602383442695,0.02507394787458067 294,120,983,0
./dataset/synImgs/0114.jpg 0.17300905203416267,0.03872840029460234 92,203,611,0
./dataset/synImgs/0115.jpg -0.019481812845929203,0.24258204281932366 64,60,1475,0
./dataset/synImgs/0116.jpg -0.002095057639714515,0.3409381003243083 135,22,1839,0
./dataset/synImgs/0117.jpg -0.06825652153237777,-0.0013694791344621149 45,71,847,0
./dataset/synImgs/0118.jpg 0.0015559416876150256,0.017773124987575273 208,31,1735,0
./dataset/synImgs/0119.jpg 0.040979584516954826,-0.013157493517155339 288,22,747,0
./dataset/synImgs/0120.jpg 0.03175011750029072,0.10869678821459672 169,162,935,0
./dataset/synImgs/0121.jpg -0.34220433301091546,-0.0220483396259753 132,76,955,0
./dataset/synImgs/0122.jpg -0.2972939609938628,-0.030294507572609097 170,204,1970,0
./dataset/synImgs/0123.jpg 0.15825696314423116,-0.3041466259381959 226,147,1265,0
./dataset/synImgs/0124.jpg -0.14489773567372213,-0.04899527760563649 54,212,926,0
./dataset/synImgs/0125.jpg 0.1503361327336718,-0.29745009159849745 261,180,723,0
./dataset/synImgs/0126.jpg 0.014096629851467146,-0.1943101344215485 126,147,1520,0
./dataset/synImgs/0127.jpg 0.03420015521443054,0.23618245849991132 62,116,1982,0
./dataset/synImgs/0128.jpg -0.3358288038019845,0.30305733924784556 125,131,1247,0
./dataset/synImgs/0129.jpg -0.04790302493905518,-0.13609191483801936 228,217,1839,0
./dataset/synImgs/0130.jpg -0.21560432637165933,0.0845710757447441 147,169,1729,0
./dataset/synImgs/0131.jpg 0.0690743686570836,0.1275384284306072 208,222,1746,0
./dataset/synImgs/0132.jpg 0.13387524150944513,-0.3233718649418634 240,84,1128,0
./dataset/synImgs/0133.jpg -0.2940355111698999,-0.22363439179855443 131,181,1381,0
./dataset/synImgs/0134.jpg 0.17881749178875322,-0.13855585903518672 31,83,763,0
./dataset/synImgs/0135.jpg -0.1843438119074807,0.21113852205040623 144,44,945,0
./dataset/synImgs/0136.jpg 0.21576233750528,-0.32296392599884105 158,53,1915,0
./dataset/synImgs/0137.jpg 0.16441974039479962,0.28621883115493224 152,84,1116,0
./dataset/synImgs/0138.jpg -0.05932050439854725,0.0577143554414985 73,187,1967,0
./dataset/synImgs/0139.jpg 0.28144883289807426,0.18988461495408387 123,86,1788,0
./dataset/synImgs/0140.jpg 0.24681625313934313,-0.266896771386642 213,56,942,0
./dataset/synImgs/0141.jpg 0.04432394363078934,0.32828447097771 210,64,1893,0
./dataset/synImgs/0142.jpg -0.1349891068154209,-0.13448292629114625 111,113,1914,0
./dataset/synImgs/0143.jpg 0.33123087131047263,0.19979952929883976 158,95,1880,0
./dataset/synImgs/0144.jpg -0.238799641159209,0.29504289254306276 188,134,368,0
./dataset/synImgs/0145.jpg -0.2258796377433377,-0.11916064909168236 162,66,1324,0
./dataset/synImgs/0146.jpg 0.20829127889651783,0.18373825963529172 49,86,1614,0
./dataset/synImgs/0147.jpg 0.06604470371492394,-0.03385368229529001 249,97,1764,0
./dataset/synImgs/0148.jpg 0.1086331013411348,-0.31706497937173717 147,103,1586,0
./dataset/synImgs/0149.jpg 0.14998803797195792,-0.06654343560250703 195,180,1248,0
./dataset/synImgs/0150.jpg 0.1444030021785102,-0.15034560108490655 276,141,1646,0
./dataset/synImgs/0151.jpg -0.076391067243202,-0.14869152430428406 74,184,1998,0
./dataset/synImgs/0152.jpg 0.05077990144917516,0.02100745945543131 42,114,907,0
./dataset/synImgs/0153.jpg 0.2509886191548469,0.028548697070546025 81,142,1565,0
./dataset/synImgs/0154.jpg -0.2492364661832777,-0.3086209840405213 99,183,1771,0
./dataset/synImgs/0155.jpg -0.20876776310166417,0.29848605701234826 276,153,1125,0
./dataset/synImgs/0156.jpg -0.1691119302358269,0.34245979962081635 203,143,241,0
./dataset/synImgs/0157.jpg 0.03173499679387154,0.17101501952378412 219,47,1391,0
./dataset/synImgs/0158.jpg 0.002604384762484646,0.1653540901880815 28,56,1551,0
./dataset/synImgs/0159.jpg -0.28913186949999403,-0.32164174316586586 153,159,1882,0
./dataset/synImgs/0160.jpg -0.11505559672231225,-0.13731775174458674 28,162,1375,0
./dataset/synImgs/0161.jpg -0.09246707206922028,0.2896790978717307 76,24,754,0
./dataset/synImgs/0162.jpg 0.1039648231625403,0.013042363433791004 39,124,1326,0
./dataset/synImgs/0163.jpg 0.3261822167442781,0.16610050384975045 291,31,1980,0
./dataset/synImgs/0164.jpg -0.02461167449935886,0.3302407885090202 211,83,262,0
./dataset/synImgs/0165.jpg 0.2301326192597048,0.13455167892777786 226,71,1653,0
./dataset/synImgs/0166.jpg 0.3054043547553324,-0.18016279045618416 272,121,965,0
./dataset/synImgs/0167.jpg 0.2630396422307741,-0.15719419037685195 249,183,1637,0
./dataset/synImgs/0168.jpg 0.025776605092054816,0.16102798622767517 154,58,309,0
./dataset/synImgs/0169.jpg -0.18849416716194656,0.054200790391637554 166,24,1032,0
./dataset/synImgs/0170.jpg 0.17717943433650157,0.31514259055022636 205,142,857,0
./dataset/synImgs/0171.jpg 0.1324220849892681,-0.13266975926818933 184,209,1353,0
./dataset/synImgs/0172.jpg 0.19833019787268863,0.3253811661194785 66,33,429,0
./dataset/synImgs/0173.jpg -0.08772344359054712,-0.0055483346479943685 39,129,1958,0
./dataset/synImgs/0174.jpg 0.270740750585825,0.2688330763262397 137,155,741,0
./dataset/synImgs/0175.jpg 0.004660970354116389,0.06000344704514493 52,130,227,0
./dataset/synImgs/0176.jpg -0.2637359696979388,-0.01768468041995469 118,50,1497,0
./dataset/synImgs/0177.jpg -0.1251821483524102,0.26331544880756336 99,25,355,0
./dataset/synImgs/0178.jpg -0.18967903180561285,0.04340906299679309 275,67,298,0
./dataset/synImgs/0179.jpg -0.10348646628782071,-0.20383603617516868 158,166,1339,0
./dataset/synImgs/0180.jpg -0.17692930590602113,0.11943511848692323 79,178,484,0
./dataset/synImgs/0181.jpg 0.020997951756590805,0.13446050077346766 210,72,528,0
./dataset/synImgs/0182.jpg -0.33427373780522607,0.18117175582840978 69,216,908,0
./dataset/synImgs/0183.jpg 0.22526694983835788,-0.14636373113803222 172,61,322,0
./dataset/synImgs/0184.jpg 0.09598163291683703,-0.22286731025790227 269,154,286,0
./dataset/synImgs/0185.jpg -0.24938239473774942,-0.16506217414968755 83,96,970,0
./dataset/synImgs/0186.jpg -0.1215821230783293,-0.3042194998169172 71,127,1121,0
./dataset/synImgs/0187.jpg 0.01401215883854151,0.15768600528224225 48,141,1579,0
./dataset/synImgs/0188.jpg -0.2229363401614434,0.34632868522998733 105,38,1935,0
./dataset/synImgs/0189.jpg -0.11807484477175711,0.008006658620204332 34,178,1599,0
./dataset/synImgs/0190.jpg -0.02503167635739051,0.011546495391545286 246,123,794,0
./dataset/synImgs/0191.jpg 0.31555999954203345,0.16224453139936973 285,57,739,0
./dataset/synImgs/0192.jpg -0.027263133039476306,-0.19328327399498071 271,96,1014,0
./dataset/synImgs/0193.jpg -0.3072701423179164,0.3341490849075414 73,39,1215,0
./dataset/synImgs/0194.jpg -0.31088537359814156,0.1499204298061706 265,21,614,0
./dataset/synImgs/0195.jpg 0.198857361797868,-0.2740060309289704 238,22,886,0
./dataset/synImgs/0196.jpg -0.1620246305490642,0.05413192313694909 229,209,1924,0
./dataset/synImgs/0197.jpg -0.3267798093049977,0.14275909151684207 124,181,777,0
./dataset/synImgs/0198.jpg 0.3394317307420039,0.25540786167107526 71,33,538,0
./dataset/synImgs/0199.jpg 0.057983232559050024,0.21529290851659794 41,151,938,0
./dataset/synImgs/0200.jpg 0.1310539586771839,0.0016873302646412958 186,176,1600,0
./dataset/synImgs/0201.jpg 0.11151245622931649,-0.008807409651287124 220,203,1791,0
./dataset/synImgs/0202.jpg 0.3025310655740389,-0.3160053970179387 112,185,461,0
./dataset/synImgs/0203.jpg 0.10617326077072275,0.011987622263269104 283,76,864,0
./dataset/synImgs/0204.jpg -0.2760096560914821,-0.14796943178849806 103,59,1005,0
./dataset/synImgs/0205.jpg 0.15135050590968552,0.04087635634308995 184,164,669,0
./dataset/synImgs/0206.jpg 0.2728711236951387,-0.2646283800508339 276,96,1429,0
./dataset/synImgs/0207.jpg -0.3145375643578424,0.3226987106890154 90,37,887,0
./dataset/synImgs/0208.jpg 0.06984657873325523,-0.3145231447675982 44,119,1743,0
./dataset/synImgs/0209.jpg 0.014623152648755744,-0.20665111875566242 197,78,1109,0
./dataset/synImgs/0210.jpg -0.314487165010155,-0.2319269033110947 247,92,201,0
./dataset/synImgs/0211.jpg 0.004405464117477553,0.3440116398195144 135,219,888,0
./dataset/synImgs/0212.jpg -0.22140735809964995,0.02912420437281732 60,208,961,0
./dataset/synImgs/0213.jpg 0.04160401635956118,-0.282140683413031 260,212,1577,0
./dataset/synImgs/0214.jpg 0.060265037280655354,-0.12605925744060092 63,39,350,0
./dataset/synImgs/0215.jpg 0.07820905993536231,-0.32175548055889464 291,25,811,0
./dataset/synImgs/0216.jpg 0.19337392595632436,-0.11696138951317472 255,163,1142,0
./dataset/synImgs/0217.jpg -0.3005391021215345,-0.1734718855815604 44,91,1385,0
./dataset/synImgs/0218.jpg 0.2398474491946782,-0.2214493573128384 241,151,938,0
./dataset/synImgs/0219.jpg -0.2583565134765524,-0.22217066688764067 93,74,1571,0
./dataset/synImgs/0220.jpg 0.17345491326746104,0.2859401845534109 166,206,1934,0
./dataset/synImgs/0221.jpg -0.183596538022504,-0.08419417330905271 118,72,272,0
./dataset/synImgs/0222.jpg 0.1493211016135535,0.14462386082486617 182,86,622,0
./dataset/synImgs/0223.jpg -0.22364049901419433,0.007317255967237313 148,41,1235,0
./dataset/synImgs/0224.jpg 0.3346882954919312,-0.17229467527257947 29,71,1488,0
./dataset/synImgs/0225.jpg -0.3272643611851756,0.2134418748331965 100,137,1081,0
./dataset/synImgs/0226.jpg -0.2735934736708958,0.27076623084279744 112,169,783,0
./dataset/synImgs/0227.jpg -0.1418755982040575,0.27447288217903437 146,37,370,0
./dataset/synImgs/0228.jpg 0.26021768712393817,0.09496898542590099 140,105,1479,0
./dataset/synImgs/0229.jpg -0.2625442725798127,-0.2590911364783094 65,20,1925,0
./dataset/synImgs/0230.jpg 0.26971923079107823,-0.11861933195956806 55,152,522,0
./dataset/synImgs/0231.jpg 0.270716619357588,0.2603590040542085 132,133,1200,0
./dataset/synImgs/0232.jpg 0.315795801353645,0.261515785889705 244,66,1739,0
./dataset/synImgs/0233.jpg -0.15001996569209172,0.07980441804965871 48,147,1094,0
./dataset/synImgs/0234.jpg 0.3328056954296051,-0.1040879811834082 134,122,845,0
./dataset/synImgs/0235.jpg -0.02000207644259755,-0.1335698734798366 168,147,1362,0
./dataset/synImgs/0236.jpg -0.34299773585295146,-0.07075402639195966 186,190,764,0
./dataset/synImgs/0237.jpg 0.04880048228089917,-0.15583277628324102 106,83,1026,0
./dataset/synImgs/0238.jpg -0.2188483450213974,0.12375348784349527 99,146,349,0
./dataset/synImgs/0239.jpg 0.2930537132822964,-0.0579517125686001 55,221,610,0
./dataset/synImgs/0240.jpg -0.21775681880065845,0.31573563194838333 123,112,1868,0
./dataset/synImgs/0241.jpg 0.2828606238068098,0.24115277666217777 128,175,1793,0
./dataset/synImgs/0242.jpg 0.07923511787237442,-0.11761511627835092 49,30,1729,0
./dataset/synImgs/0243.jpg 0.20796726940688998,-0.3335866565895029 117,166,996,0
./dataset/synImgs/0244.jpg -0.07125266119833484,-0.1157397815436503 138,46,1745,0
./dataset/synImgs/0245.jpg -0.3367418290350809,0.3326907644324409 156,191,797,0
./dataset/synImgs/0246.jpg -0.1698372772765989,-0.12849753429225996 284,202,1031,0
./dataset/synImgs/0247.jpg -0.15750115212968208,-0.11006147750682116 78,52,984,0
./dataset/synImgs/0248.jpg -0.12323190421895164,0.0944676799274739 197,221,284,0
./dataset/synImgs/0249.jpg -0.22548287306960346,-0.3369386249502931 81,172,1340,0
./dataset/synImgs/0250.jpg -0.2962102953686677,-0.12142546055151218 288,81,1297,0
./dataset/synImgs/0251.jpg 0.030542131246658777,0.3342102088017915 97,212,1238,0
./dataset/synImgs/0252.jpg 0.033776468230371115,-0.3083258762448108 35,76,628,0
./dataset/synImgs/0253.jpg -0.08232487125531518,-0.27607160382780016 72,212,841,0
./dataset/synImgs/0254.jpg -0.333276586850112,0.22087731989264475 88,172,836,0
./dataset/synImgs/0255.jpg -0.0019789618391898856,-0.3147586488589726 139,87,877,0
./dataset/synImgs/0256.jpg 0.10772388611664352,0.13305090762903599 37,82,405,0
./dataset/synImgs/0257.jpg 0.02291389631433638,-0.21457850282552637 42,72,800,0
./dataset/synImgs/0258.jpg 0.011015541168001353,-0.015958505625571384 211,182,1820,0
./dataset/synImgs/0259.jpg 0.19334359520348582,-0.17782450391528654 143,210,1259,0
./dataset/synImgs/0260.jpg -0.2284078135629411,0.14639180964675885 194,145,948,0
./dataset/synImgs/0261.jpg -0.10231624640646006,-0.15386308548661565 217,141,910,0
./dataset/synImgs/0262.jpg -0.25808194720029964,-0.28059550901165875 39,204,1867,0
./dataset/synImgs/0263.jpg 0.31002375999393234,-0.29516559922760516 39,173,486,0
./dataset/synImgs/0264.jpg 0.27806642283862676,0.17951786804152775 244,75,1638,0
./dataset/synImgs/0265.jpg 0.2907405245965167,0.2510774971799897 76,69,1493,0
./dataset/synImgs/0266.jpg -0.13985237850789417,-0.026926379092618746 58,106,1105,0
./dataset/synImgs/0267.jpg 0.009264408560572868,-0.18725939536207012 141,152,1869,0
./dataset/synImgs/0268.jpg 0.20291610093302698,-0.3250419014482217 221,80,967,0
./dataset/synImgs/0269.jpg 0.2359430995853417,-0.13090140901084554 64,30,507,0
./dataset/synImgs/0270.jpg -0.149230554333475,0.19499828152340298 228,217,1151,0
./dataset/synImgs/0271.jpg 0.3470564761439295,0.255622298173156 213,198,988,0
./dataset/synImgs/0272.jpg -0.31629819783163904,-0.2897350096710223 49,112,900,0
./dataset/synImgs/0273.jpg -0.3231236393158433,0.08499383759331014 116,49,1037,0
./dataset/synImgs/0274.jpg -0.21547206692985466,0.2200708469909854 262,222,778,0
./dataset/synImgs/0275.jpg 0.005853712481278195,0.24817249337937292 252,26,578,0
./dataset/synImgs/0276.jpg -0.2654783391164509,0.24419739799616297 60,102,851,0
./dataset/synImgs/0277.jpg -0.32227021290077956,0.14211360244236948 242,223,319,0
./dataset/synImgs/0278.jpg -0.03118880014397818,-0.06398371671432695 102,107,880,0
./dataset/synImgs/0279.jpg 0.04890631892781916,-0.05835175066583659 113,112,554,0
./dataset/synImgs/0280.jpg 0.2445390436868921,-0.1614538579398003 276,54,412,0
./dataset/synImgs/0281.jpg -0.007845878614850976,0.12440452482567704 158,196,1222,0
./dataset/synImgs/0282.jpg -0.07095863304584543,-0.15471855592488962 259,206,873,0
./dataset/synImgs/0283.jpg 0.2895698201753098,-0.2413601446341448 195,161,540,0
./dataset/synImgs/0284.jpg 0.1002999837322936,0.01896131834202497 128,90,1447,0
./dataset/synImgs/0285.jpg 0.028102630934737693,0.2885327254796189 238,129,396,0
./dataset/synImgs/0286.jpg -0.0815640051347894,0.20542996546099473 215,94,1415,0
./dataset/synImgs/0287.jpg -0.13368147950283985,-0.1519786949329781 245,42,480,0
./dataset/synImgs/0288.jpg -0.22550481118714133,0.20319722554421243 30,136,731,0
./dataset/synImgs/0289.jpg 0.29761086096895567,-0.18634389769926157 233,30,219,0
./dataset/synImgs/0290.jpg -0.1463066950793932,-0.17085191552785253 51,51,1510,0
./dataset/synImgs/0291.jpg 0.15437929361247188,0.2528515052369685 119,183,1969,0
./dataset/synImgs/0292.jpg 0.27673276762809024,0.14395088306341075 179,63,1118,0
./dataset/synImgs/0293.jpg 0.2576687108572358,-0.086420481830489 46,141,1451,0
./dataset/synImgs/0294.jpg -0.03083718185574269,0.17211801713252678 272,134,1997,0
./dataset/synImgs/0295.jpg 0.32371582808816607,-0.10649479158433434 172,46,1065,0
./dataset/synImgs/0296.jpg -0.32630083222463524,0.09738379690052335 40,24,1580,0
./dataset/synImgs/0297.jpg 0.02824365483644342,-0.33702089445401573 154,187,596,0
./dataset/synImgs/0298.jpg 0.09138593511582399,-0.19807577542678784 229,164,1455,0
./dataset/synImgs/0299.jpg 0.10147016811332432,0.12555850964719095 228,177,1977,0
./dataset/synImgs/0300.jpg 0.037910842029229286,-0.013913446363305049 62,168,1007,0
./dataset/synImgs/0301.jpg 0.21651319255518037,0.021612688478986897 59,209,1813,0
./dataset/synImgs/0302.jpg -0.1431382817931464,0.017329236562479478 183,192,706,0
./dataset/synImgs/0303.jpg -0.2724419698928826,0.2969395703961683 229,125,1086,0
./dataset/synImgs/0304.jpg -0.15962568103809477,-0.25488039052318684 102,123,872,0
./dataset/synImgs/0305.jpg 0.26114420506118813,0.05858625449160193 76,185,1189,0
./dataset/synImgs/0306.jpg 0.15628525756772,0.21670993463509441 274,39,1534,0
./dataset/synImgs/0307.jpg 0.3019421631700507,0.09205130326061539 252,159,1442,0
./dataset/synImgs/0308.jpg 0.025662713361114642,-0.0549363031733332 58,217,206,0
./dataset/synImgs/0309.jpg 0.31969774079950924,-0.004187702043292496 205,103,776,0
./dataset/synImgs/0310.jpg -0.12315370322233965,-0.06744037207187198 234,69,540,0
./dataset/synImgs/0311.jpg 0.04377553201691009,-0.03679089456652762 50,128,1982,0
./dataset/synImgs/0312.jpg 0.0847424358588923,0.34295911829918463 122,140,513,0
./dataset/synImgs/0313.jpg -0.05232505230987078,-0.08168012125119717 236,189,1807,0
./dataset/synImgs/0314.jpg 0.30350463064421423,0.3095995330158489 190,209,1166,0
./dataset/synImgs/0315.jpg 0.06067420893448583,-0.30736292081506345 135,182,1849,0
./dataset/synImgs/0316.jpg -0.04203551733823213,-0.18135356270205136 186,144,463,0
./dataset/synImgs/0317.jpg 0.05641082600450398,-0.23280309541106708 192,199,890,0
./dataset/synImgs/0318.jpg -0.3418397412497237,0.2911916031209622 263,32,335,0
./dataset/synImgs/0319.jpg 0.24836971318935191,-0.21195080760341845 268,80,1181,0
./dataset/synImgs/0320.jpg -0.34121018934096503,0.14347053073742622 120,136,1399,0
./dataset/synImgs/0321.jpg -0.24078382658209396,-0.05877371764021139 62,178,1371,0
./dataset/synImgs/0322.jpg -0.32575790670057925,-0.027919541056456276 239,139,867,0
./dataset/synImgs/0323.jpg -0.034402172566380285,-0.29987491479016243 217,145,217,0
./dataset/synImgs/0324.jpg -0.1241449375250133,0.05204724106960007 169,129,1348,0
./dataset/synImgs/0325.jpg -0.015974292417049785,0.2618402392839407 129,21,381,0
./dataset/synImgs/0326.jpg 0.28222751764415305,-0.11357673015744876 121,207,711,0
./dataset/synImgs/0327.jpg 0.05639765227152521,0.011288688278044356 200,174,1202,0
./dataset/synImgs/0328.jpg 0.03194302114693204,0.08651345841300939 101,213,1764,0
./dataset/synImgs/0329.jpg -0.038686637619267716,-0.07117811303367683 81,62,919,0
./dataset/synImgs/0330.jpg 0.1537192416782926,0.13616651085811643 178,27,303,0
./dataset/synImgs/0331.jpg -0.2898718464148091,0.30587403819835285 179,183,1087,0
./dataset/synImgs/0332.jpg 0.2033786980134608,-0.14273651677966845 45,45,772,0
./dataset/synImgs/0333.jpg -0.04573216576636252,-0.16998867420219074 257,160,1613,0
./dataset/synImgs/0334.jpg 0.09002494638936537,-0.2827395943434997 152,213,1384,0
./dataset/synImgs/0335.jpg 0.10826328757927844,-0.2706992870573472 111,119,1968,0
./dataset/synImgs/0336.jpg 0.20669566218387753,0.27121929990626953 281,123,325,0
./dataset/synImgs/0337.jpg -0.03006105863967745,-0.14947145995701452 86,119,561,0
./dataset/synImgs/0338.jpg 0.09233849454019788,-0.06500864106922721 48,158,794,0
./dataset/synImgs/0339.jpg -0.17313560568794606,-0.058713272788724735 48,223,667,0
./dataset/synImgs/0340.jpg -0.015667601073581505,-0.222054797408607 109,215,1223,0
./dataset/synImgs/0341.jpg -0.1616074189169163,0.16233588987380104 39,189,1282,0
./dataset/synImgs/0342.jpg 0.09201040986354159,0.15599836362780767 169,131,625,0
./dataset/synImgs/0343.jpg 0.3047802323377226,-0.15767441227051035 81,72,1200,0
./dataset/synImgs/0344.jpg -0.2603753963705897,0.25322080250248674 180,54,1968,0
./dataset/synImgs/0345.jpg -0.2874526304480884,-0.22258319692651926 248,97,536,0
./dataset/synImgs/0346.jpg -0.33746767827700896,-0.28592547944785374 35,148,1888,0
./dataset/synImgs/0347.jpg 0.10759129535685774,0.08000501622163197 295,190,1997,0
./dataset/synImgs/0348.jpg -0.012461563997304803,0.024986154809324257 90,94,273,0
./dataset/synImgs/0349.jpg 0.2480804906555784,0.08382563049783787 284,144,1856,0
./dataset/synImgs/0350.jpg -0.06813885160666694,-0.21010824727484964 220,47,1912,0
./dataset/synImgs/0351.jpg -0.037064980481471554,-0.2511815821732191 226,163,1170,0
./dataset/synImgs/0352.jpg 0.06595184690274902,-0.002933931420858238 235,146,914,0
./dataset/synImgs/0353.jpg 0.312138278089837,0.3142401130887526 265,70,1121,0
./dataset/synImgs/0354.jpg -0.04989829912888777,-0.14375407224433895 161,104,813,0
./dataset/synImgs/0355.jpg -0.1342568963354574,0.12167473252414152 206,173,1585,0
./dataset/synImgs/0356.jpg 0.040970298523352544,0.07822887157824782 62,206,455,0
./dataset/synImgs/0357.jpg -0.14799761235371944,-0.0702669978637041 163,138,1083,0
./dataset/synImgs/0358.jpg 0.09194881840476032,0.12825202840736244 103,200,793,0
./dataset/synImgs/0359.jpg -0.10174228340215427,-0.26798273872889944 81,96,1326,0
./dataset/synImgs/0360.jpg 0.051471714316428774,-0.1044862481996939 135,154,332,0
./dataset/synImgs/0361.jpg 0.2611413358242682,0.044107545317922325 62,141,1724,0
./dataset/synImgs/0362.jpg -0.2075980984484197,0.030581798040347774 93,116,1743,0
./dataset/synImgs/0363.jpg 0.05411994087154004,0.16584198790330668 209,115,1128,0
./dataset/synImgs/0364.jpg 0.28302225882766335,-0.28317069771762493 32,75,1648,0
./dataset/synImgs/0365.jpg -0.04199266797206763,-0.3352857449330884 145,114,1715,0
./dataset/synImgs/0366.jpg 0.07559815652136248,0.12112333458207752 237,201,1752,0
./dataset/synImgs/0367.jpg 0.22886861245766493,-0.25058221800261515 42,72,1201,0
./dataset/synImgs/0368.jpg -0.057809997592851325,-0.07664362771012156 54,90,408,0
./dataset/synImgs/0369.jpg -0.05113863520265921,0.06734397490868371 62,73,1932,0
./dataset/synImgs/0370.jpg 0.1405730094966754,-0.07497621624871964 57,49,698,0
./dataset/synImgs/0371.jpg -0.13985916769505605,-0.3483143561344451 119,216,1449,0
./dataset/synImgs/0372.jpg 0.3199066119750264,0.26433035894549756 166,26,1801,0
./dataset/synImgs/0373.jpg -0.18448094998215062,-0.2733210246025177 122,93,1235,0
./dataset/synImgs/0374.jpg -0.23627726110377428,-0.10889390259819842 259,163,474,0
./dataset/synImgs/0375.jpg -0.06622429433042404,-0.2615293856099391 198,190,1093,0
./dataset/synImgs/0376.jpg 0.044249773700795914,0.09737547926823731 116,158,1396,0
./dataset/synImgs/0377.jpg 0.11885854668227747,0.038171955137025926 244,47,1132,0
./dataset/synImgs/0378.jpg -0.04445601114153708,0.07184171024783292 234,132,560,0
./dataset/synImgs/0379.jpg -0.13185769481125553,0.14096618697019608 200,82,712,0
./dataset/synImgs/0380.jpg 0.21443070294505168,-0.07866688996105226 148,175,535,0
./dataset/synImgs/0381.jpg 0.30396708105972164,-0.2594781081781582 153,217,1766,0
./dataset/synImgs/0382.jpg 0.01614056891925497,-0.049471845556764316 64,199,1675,0
./dataset/synImgs/0383.jpg 0.31484163446225416,0.3104814815908164 238,166,1263,0
./dataset/synImgs/0384.jpg 0.30535870225709233,-0.326477348039359 63,87,1724,0
./dataset/synImgs/0385.jpg -0.20730906854844613,-0.15246538556652806 86,74,856,0
./dataset/synImgs/0386.jpg -0.0378429328493366,-0.1905036801547283 51,65,1006,0
./dataset/synImgs/0387.jpg -0.11573069877568984,-0.013795508916759125 32,162,1465,0
./dataset/synImgs/0388.jpg 0.1142386542809064,0.1799808308062643 117,34,1306,0
./dataset/synImgs/0389.jpg 0.22575953980507307,-0.1545689435999494 183,72,484,0
./dataset/synImgs/0390.jpg 0.15284747419663564,0.31952377273944316 139,96,1965,0
./dataset/synImgs/0391.jpg -0.05204583274457941,-0.24038671442374882 58,36,251,0
./dataset/synImgs/0392.jpg -0.01522865135374113,0.011701421077162266 237,85,1055,0
./dataset/synImgs/0393.jpg 0.3311235683762364,-0.18911395565409092 165,137,626,0
./dataset/synImgs/0394.jpg -0.19345620980685296,0.23537301770775526 125,91,581,0
./dataset/synImgs/0395.jpg 0.2652200962227504,0.30894769225412105 95,78,440,0
./dataset/synImgs/0396.jpg 0.1836849457920045,0.08415642048918537 264,118,1292,0
./dataset/synImgs/0397.jpg -0.10006814657536192,-0.1956264401875694 207,82,760,0
./dataset/synImgs/0398.jpg 0.31921529489578077,0.007200744301036233 294,106,423,0
./dataset/synImgs/0399.jpg 0.17249924546285117,-0.0229929294286344 212,108,1638,0
./dataset/synImgs/0400.jpg -0.2706358947975717,0.16096678825085714 42,196,722,0
./dataset/synImgs/0401.jpg 0.23342960522775952,-0.2760125686080234 247,173,361,0
./dataset/synImgs/0402.jpg 0.09886385195638897,0.11681336663592873 187,167,1474,0
./dataset/synImgs/0403.jpg 0.0011366997424429592,-0.12263396870969079 209,52,1517,0
./dataset/synImgs/0404.jpg 0.1298525267872812,-0.2404232718257105 157,156,877,0
./dataset/synImgs/0405.jpg -0.17800414357054667,-0.01461657116209264 136,223,494,0
./dataset/synImgs/0406.jpg 0.33040428920053105,0.16225272480461445 129,153,1922,0
./dataset/synImgs/0407.jpg 0.29889912128159596,-0.2811697937632256 237,122,1272,0
./dataset/synImgs/0408.jpg -0.027140836718075878,0.19708443129692937 217,38,1522,0
./dataset/synImgs/0409.jpg -0.20444416919120914,0.2279410487532722 251,221,678,0
./dataset/synImgs/0410.jpg 0.23346452703522064,0.059688617879894545 251,166,1792,0
./dataset/synImgs/0411.jpg 0.0007550908185685601,-0.30100099481060766 191,100,469,0
./dataset/synImgs/0412.jpg 0.34336733096363076,0.16925097483712098 90,57,355,0
./dataset/synImgs/0413.jpg 0.16153672094685628,0.18092814767016302 192,55,1365,0
./dataset/synImgs/0414.jpg -0.14244647381273645,-0.03629016316288308 268,108,1304,0
./dataset/synImgs/0415.jpg 0.296470451157454,-0.289792379727884 78,119,1708,0
./dataset/synImgs/0416.jpg 0.08104358444216281,-0.02241243767566148 252,148,923,0
./dataset/synImgs/0417.jpg -0.0009507634633721396,0.10104699721114052 209,198,1450,0
./dataset/synImgs/0418.jpg -0.09057598652494886,0.08504545598638974 152,27,571,0
./dataset/synImgs/0419.jpg 0.04188904791063486,-0.13692477438404876 51,110,1107,0
./dataset/synImgs/0420.jpg -0.068011938218009,-0.1626826390941629 218,94,303,0
./dataset/synImgs/0421.jpg 0.3230940420540805,0.3447076601947407 192,120,1375,0
./dataset/synImgs/0422.jpg -0.2262221019984364,-0.1824644311778144 71,43,749,0
./dataset/synImgs/0423.jpg 0.24079771002268563,-0.11490241017916317 276,208,1065,0
./dataset/synImgs/0424.jpg -0.2767763309126094,0.12183585335130492 97,193,1261,0
./dataset/synImgs/0425.jpg 0.2676647154725919,0.24160379211042166 195,90,227,0
./dataset/synImgs/0426.jpg -0.25288120567512934,-0.024092045285266428 145,62,411,0
./dataset/synImgs/0427.jpg 0.25910485212757545,-0.24619109890027893 249,221,844,0
./dataset/synImgs/0428.jpg -0.058923482297922325,-0.30391069066534804 111,215,1871,0
./dataset/synImgs/0429.jpg -0.16221596253981455,-0.018885352117566645 69,55,1279,0
./dataset/synImgs/0430.jpg 0.18842536324042541,0.0948045684236502 68,122,538,0
./dataset/synImgs/0431.jpg -0.06546755383297487,-0.08392071817781288 80,127,706,0
./dataset/synImgs/0432.jpg 0.08956367086746941,-0.13474560168451372 233,123,979,0
./dataset/synImgs/0433.jpg 0.025713529428802062,0.12549945282375985 219,151,1813,0
./dataset/synImgs/0434.jpg -0.014251989158689027,-0.3420463257754468 286,66,690,0
./dataset/synImgs/0435.jpg 0.12270816225961917,-0.12928578518259345 216,197,1309,0
./dataset/synImgs/0436.jpg 0.20514550977060825,0.2639487119049217 151,40,1668,0
./dataset/synImgs/0437.jpg -0.18519707980397052,-0.3075083353544327 235,108,1967,0
./dataset/synImgs/0438.jpg 0.17789624580118485,-0.09613569693576923 162,211,1348,0
./dataset/synImgs/0439.jpg 0.26409793717397595,-0.2676662440498404 237,222,1991,0
./dataset/synImgs/0440.jpg 0.21678251426290612,0.310511019672072 136,163,1831,0
./dataset/synImgs/0441.jpg 0.0877467666768062,0.01081719231705025 118,221,925,0
./dataset/synImgs/0442.jpg -0.14244834963377528,-0.17799498974590552 166,87,1499,0
./dataset/synImgs/0443.jpg -0.16879775925696905,-0.25053793277682385 73,25,1400,0
./dataset/synImgs/0444.jpg 0.14322129781771642,-0.2532005659787526 258,184,1499,0
./dataset/synImgs/0445.jpg -0.047122994734032864,-0.08282907821876861 134,101,712,0
./dataset/synImgs/0446.jpg 0.024174669624837664,0.2900240268065944 121,127,450,0
./dataset/synImgs/0447.jpg 0.267816025405942,0.28997532587070346 238,62,478,0
./dataset/synImgs/0448.jpg 0.02639197509743213,-0.166933914755177 253,132,1036,0
./dataset/synImgs/0449.jpg -0.02110933301855078,0.17898415549746455 94,83,1940,0
./dataset/synImgs/0450.jpg -0.054295211292704704,-0.16579665199081278 139,212,980,0
./dataset/synImgs/0451.jpg -0.16550105322297015,0.33428217691721257 296,162,1864,0
./dataset/synImgs/0452.jpg -0.23761405443492406,0.04581080734429793 233,96,420,0
./dataset/synImgs/0453.jpg 0.23411430028437402,0.11679758885972874 181,113,1993,0
./dataset/synImgs/0454.jpg -0.08859857889186307,-0.19050145243198105 251,20,525,0
./dataset/synImgs/0455.jpg -0.13467824200469466,0.056795565419074934 220,129,1859,0
./dataset/synImgs/0456.jpg 0.24802340249395632,0.23663641442268207 81,180,260,0
./dataset/synImgs/0457.jpg -0.17738541932835014,-0.04717981209043892 67,186,1942,0
./dataset/synImgs/0458.jpg 0.25188297497753614,-0.07149845594976084 263,127,321,0
./dataset/synImgs/0459.jpg -0.15935680445689174,0.11249740483876236 248,139,724,0
./dataset/synImgs/0460.jpg 0.2115593187720281,-0.2721020298942575 223,95,458,0
./dataset/synImgs/0461.jpg -0.17637493266628057,-0.08584684377739005 125,38,1163,0
./dataset/synImgs/0462.jpg -0.29251955873404784,-0.11054534418662029 114,196,1094,0
./dataset/synImgs/0463.jpg -0.05321156458945292,0.22803969373979976 72,129,730,0
./dataset/synImgs/0464.jpg 0.08817352903264847,0.12365726594499876 159,215,1776,0
./dataset/synImgs/0465.jpg 0.12377552854084767,-0.24577985913954326 258,210,745,0
./dataset/synImgs/0466.jpg 0.10216367167700269,-0.056400449023681076 74,30,380,0
./dataset/synImgs/0467.jpg 0.09465111908957624,0.29805326050782616 116,171,1046,0
./dataset/synImgs/0468.jpg 0.2238073295610185,0.14654404447578184 293,79,1690,0
./dataset/synImgs/0469.jpg -0.24720474347521934,-0.21317065222207288 284,153,519,0
./dataset/synImgs/0470.jpg 0.3264813015436136,0.20161564532961468 144,148,619,0
./dataset/synImgs/0471.jpg 0.16027974602621303,0.061621843174387236 102,65,737,0
./dataset/synImgs/0472.jpg 0.175603554609068,0.0732451324039401 229,96,913,0
./dataset/synImgs/0473.jpg 0.1147185159643101,0.314198816107835 247,34,401,0
./dataset/synImgs/0474.jpg 0.19641527329584535,-0.30074871966316413 265,190,439,0
./dataset/synImgs/0475.jpg 0.23627748211486316,-0.06184855758803093 264,56,241,0
./dataset/synImgs/0476.jpg -0.12028967701755486,0.12780601510765688 146,89,422,0
./dataset/synImgs/0477.jpg 0.2890935302583972,0.2078410350049394 227,148,1615,0
./dataset/synImgs/0478.jpg 0.025846956610151628,0.1445476039014602 189,166,952,0
./dataset/synImgs/0479.jpg 0.030575530751000668,-0.2040339985406828 273,52,808,0
./dataset/synImgs/0480.jpg -0.22847144377151474,0.03586458909800416 73,198,321,0
./dataset/synImgs/0481.jpg 0.3190604059180892,-0.028816158284195703 104,40,1944,0
./dataset/synImgs/0482.jpg 0.05849917547180583,-0.03706470183423999 221,53,1134,0
./dataset/synImgs/0483.jpg -0.13809559662277604,-0.2768579864435129 93,169,1074,0
./dataset/synImgs/0484.jpg -0.33453492565209203,0.1989649696513635 86,92,627,0
./dataset/synImgs/0485.jpg -0.020227009895238457,0.04904797443231329 282,204,1552,0
./dataset/synImgs/0486.jpg -0.2480740371543274,0.2076845100276105 138,35,1985,0
./dataset/synImgs/0487.jpg -0.17898347374627557,0.2799420645761082 119,110,592,0
./dataset/synImgs/0488.jpg -0.11265801028469821,-0.1484108663141023 31,78,438,0
./dataset/synImgs/0489.jpg -0.20187751509429075,0.14747876149674594 207,140,321,0
./dataset/synImgs/0490.jpg -0.2613188796661351,-0.26518452342729854 28,151,1694,0
./dataset/synImgs/0491.jpg -0.23379340206122545,0.05548451459959458 70,81,237,0
./dataset/synImgs/0492.jpg 0.2836953331335233,-0.2568418385668383 174,93,1941,0
./dataset/synImgs/0493.jpg 0.12609529535347547,-0.326296267800487 100,146,1460,0
./dataset/synImgs/0494.jpg 0.275138186280989,-0.0034684698742548647 205,87,623,0
./dataset/synImgs/0495.jpg -0.08719749315064501,0.27056535096325046 63,61,729,0
./dataset/synImgs/0496.jpg -0.3272987978576844,-0.22742293604953803 64,24,666,0
./dataset/synImgs/0497.jpg 0.01885431601059373,-0.013353239019889052 161,52,399,0
./dataset/synImgs/0498.jpg 0.01890280813642814,-0.3322856795727782 121,43,1606,0
./dataset/synImgs/0499.jpg -0.12266135682166296,-0.1241353770297988 168,187,1627,0
./dataset/synImgs/0500.jpg -0.32212686203446717,-0.022108903457925044 130,128,1468,0
./dataset/synImgs/0501.jpg -0.13036491596124186,-0.31878554268197457 51,194,950,0
./dataset/synImgs/0502.jpg -0.29300543179932675,-0.1212991572496292 155,103,1633,0
./dataset/synImgs/0503.jpg -0.3190717190287276,-0.3007282928085489 233,145,509,0
./dataset/synImgs/0504.jpg -0.056314767645315233,0.18681242695394545 281,199,1444,0
./dataset/synImgs/0505.jpg -0.009906521992300188,0.11813479649362196 147,110,876,0
./dataset/synImgs/0506.jpg -0.2976390138046747,-0.17619905801825578 81,151,1662,0
./dataset/synImgs/0507.jpg 0.07815450581975536,0.09477589534513348 69,35,1421,0
./dataset/synImgs/0508.jpg 0.049020884022509204,-0.08765994267400196 146,158,1869,0
./dataset/synImgs/0509.jpg -0.295595899332688,0.23814692841030233 64,26,1599,0
./dataset/synImgs/0510.jpg 0.017714580483468967,-0.1703874021197695 237,33,1439,0
./dataset/synImgs/0511.jpg -0.09093024599144045,-0.23706200167218722 280,26,1402,0
./dataset/synImgs/0512.jpg -0.006675939410650977,0.0680564473880988 163,77,473,0
./dataset/synImgs/0513.jpg -0.15758928787077886,0.2450391254611664 43,178,552,0
./dataset/synImgs/0514.jpg 0.06776697062767367,-0.3336430846238619 192,169,1651,0
./dataset/synImgs/0515.jpg -0.18088779450939127,0.11631261356112482 156,154,539,0
./dataset/synImgs/0516.jpg -0.19393668028942715,-0.025460559928424942 257,141,362,0
./dataset/synImgs/0517.jpg 0.06405009895210256,0.027864711891574356 182,186,1298,0
./dataset/synImgs/0518.jpg -0.27936886469517735,-0.10355684310128657 161,86,1105,0
./dataset/synImgs/0519.jpg -0.14430597375691723,-0.018264672881784183 241,194,1285,0
./dataset/synImgs/0520.jpg 0.062034481912790096,0.3298659173868144 71,124,231,0
./dataset/synImgs/0521.jpg 0.27330153149718367,0.3472025378195612 83,196,848,0
./dataset/synImgs/0522.jpg -0.18259630216214057,-0.019147301992854304 187,76,1242,0
./dataset/synImgs/0523.jpg 0.33631096550612943,-0.3294961702456134 92,160,1603,0
./dataset/synImgs/0524.jpg 0.2643103179116341,-0.14271971987584495 282,107,1742,0
./dataset/synImgs/0525.jpg -0.23971919788971285,0.1337450528262818 148,159,591,0
./dataset/synImgs/0526.jpg 0.04980454386398503,0.2786799905130493 92,26,955,0
./dataset/synImgs/0527.jpg 0.08594108320510313,0.3206122829209555 41,100,1272,0
./dataset/synImgs/0528.jpg 0.308590207522704,-0.11139022491039102 281,43,478,0
./dataset/synImgs/0529.jpg -0.11693352209598637,-0.122244587600879 248,62,206,0
./dataset/synImgs/0530.jpg -0.1999350797264656,0.18786506565504418 131,89,474,0
./dataset/synImgs/0531.jpg -0.21113067570890887,0.0069412553275690625 96,111,1563,0
./dataset/synImgs/0532.jpg 0.09220854052325128,0.30270062364313327 198,143,564,0
./dataset/synImgs/0533.jpg -0.2666358191916768,-0.03510638329104143 204,119,871,0
./dataset/synImgs/0534.jpg 0.012026793596642438,-0.3070158583412424 140,95,1764,0
./dataset/synImgs/0535.jpg 0.095333562375918,-0.04613111479084958 195,121,477,0
./dataset/synImgs/0536.jpg 0.23081128915497734,-0.16918799758407818 64,194,294,0
./dataset/synImgs/0537.jpg 0.16417700548629927,-0.02078248097090707 279,24,1418,0
./dataset/synImgs/0538.jpg 0.22458137155773766,0.33276301263207647 276,44,802,0
./dataset/synImgs/0539.jpg 0.0169820045076855,-0.22693329729559442 272,145,389,0
./dataset/synImgs/0540.jpg 0.269871628851654,0.18551146235182253 243,197,943,0
./dataset/synImgs/0541.jpg 0.17857773142577177,0.2745230707427459 57,68,1491,0
./dataset/synImgs/0542.jpg -0.07456935873757325,-0.1542772744556714 125,213,1884,0
./dataset/synImgs/0543.jpg -0.28551571244361856,0.15665891388178105 107,166,209,0
./dataset/synImgs/0544.jpg 0.00451904422735927,0.24648711097631987 59,135,789,0
./dataset/synImgs/0545.jpg -0.26085517049427875,0.11073276048836772 291,120,806,0
./dataset/synImgs/0546.jpg 0.27642736788714356,0.09058237619278514 68,166,1065,0
./dataset/synImgs/0547.jpg 0.19989563984742548,-0.07728313278715981 146,84,1421,0
./dataset/synImgs/0548.jpg 0.06590952326010269,0.13388837114379748 244,124,777,0
./dataset/synImgs/0549.jpg -0.1450030905806137,0.3387414822751876 214,79,1838,0
./dataset/synImgs/0550.jpg 0.10605137320178964,0.28191120226262684 65,108,1464,0
./dataset/synImgs/0551.jpg -0.2663454525369952,0.2348914116459358 240,79,1796,0
./dataset/synImgs/0552.jpg -0.1676286388043775,-0.2322163436164168 225,187,232,0
./dataset/synImgs/0553.jpg 0.2842485916046959,-0.1980131724298131 241,154,1243,0
./dataset/synImgs/0554.jpg -0.09363241291961805,-0.1347787144951229 230,92,1236,0
./dataset/synImgs/0555.jpg 0.14737184984568558,-0.2612097759505095 87,101,279,0
./dataset/synImgs/0556.jpg -0.09996550628345463,0.04112182622619015 159,69,444,0
./dataset/synImgs/0557.jpg 0.051709896684195344,0.1723498655785573 269,215,806,0
./dataset/synImgs/0558.jpg -0.2340544805731016,-0.07555726012727088 42,57,501,0
./dataset/synImgs/0559.jpg -0.20207964305808862,0.20426142000410213 39,208,638,0
./dataset/synImgs/0560.jpg 0.2399138416409165,0.009891551074788674 116,70,1201,0
./dataset/synImgs/0561.jpg 0.017101875295145286,-0.07092634201463521 124,53,1984,0
./dataset/synImgs/0562.jpg -0.031805517334008604,0.08252691017213182 214,216,617,0
./dataset/synImgs/0563.jpg 0.3111016497397571,-0.06636646047182893 198,190,909,0
./dataset/synImgs/0564.jpg -0.14572534025390915,-0.30657232776845567 195,73,1551,0
./dataset/synImgs/0565.jpg 0.08069509449920836,-0.25553789129817095 277,67,893,0
./dataset/synImgs/0566.jpg 0.025946065523810347,-0.1485928332692018 191,149,680,0
./dataset/synImgs/0567.jpg 0.19589228589558733,0.06054934761420672 178,24,480,0
./dataset/synImgs/0568.jpg -0.030230106784183308,-0.23616060890604007 131,112,1381,0
./dataset/synImgs/0569.jpg -0.2726741590201415,0.33987757090338894 222,126,1911,0
./dataset/synImgs/0570.jpg 0.17512975798877667,0.26984933301869946 197,80,1707,0
./dataset/synImgs/0571.jpg -0.03336546888178765,-0.1390501111815694 148,19,1567,0
./dataset/synImgs/0572.jpg -0.12382488677270831,0.164059384199096 47,131,1308,0
./dataset/synImgs/0573.jpg 0.3140107954740045,0.2965734510109624 294,215,311,0
./dataset/synImgs/0574.jpg -0.24916247818557316,-0.05756294953158003 288,130,1202,0
./dataset/synImgs/0575.jpg -0.22468815743693327,-0.27466626549579914 225,134,1524,0
./dataset/synImgs/0576.jpg 0.13575731092570498,-0.1623637958137469 38,199,1535,0
./dataset/synImgs/0577.jpg 0.31804127556492284,0.24507589703469984 188,18,1324,0
./dataset/synImgs/0578.jpg -0.06890877040017351,0.1509139798176476 294,49,1307,0
./dataset/synImgs/0579.jpg 0.33857212849038915,0.33235098257364676 223,179,913,0
./dataset/synImgs/0580.jpg 0.061882773076298137,-0.11851851077967354 82,85,552,0
./dataset/synImgs/0581.jpg 0.13967534733212084,0.16919707193099792 233,21,892,0
./dataset/synImgs/0582.jpg -0.30469995589467236,-0.2143298626578449 262,220,1572,0
./dataset/synImgs/0583.jpg 0.123060722030566,0.19314051221074308 292,74,950,0
./dataset/synImgs/0584.jpg -0.13850647183866954,-0.11493024686126688 232,89,236,0
./dataset/synImgs/0585.jpg -0.15604185041187035,-0.16284147808290023 67,202,1628,0
./dataset/synImgs/0586.jpg 0.0593140885034073,0.26644707350822233 291,67,1567,0
./dataset/synImgs/0587.jpg 0.3170877601895807,-0.26734476984233113 80,117,1200,0
./dataset/synImgs/0588.jpg -0.21173572289533008,-0.03778849496255099 117,131,1513,0
./dataset/synImgs/0589.jpg -0.30180865195399464,0.00844130717715158 111,187,757,0
./dataset/synImgs/0590.jpg 0.23697806713353725,-0.24742816418582214 222,140,296,0
./dataset/synImgs/0591.jpg 0.2064770704334869,-0.3409381532116779 99,211,1216,0
./dataset/synImgs/0592.jpg -0.033607985372056615,-0.1684975515414066 182,159,645,0
./dataset/synImgs/0593.jpg 0.039783672802368775,0.02063036469376145 102,200,1830,0
./dataset/synImgs/0594.jpg -0.017188086460757257,-0.2244676592830956 123,54,1990,0
./dataset/synImgs/0595.jpg -0.028984419842366105,-0.34347917416248913 36,69,1204,0
./dataset/synImgs/0596.jpg 0.0362381989081727,-0.039199234092339996 188,91,861,0
./dataset/synImgs/0597.jpg -0.24234447201193077,0.21827016163712726 105,76,553,0
./dataset/synImgs/0598.jpg -0.278724071022979,-0.28819528409987816 235,210,622,0
./dataset/synImgs/0599.jpg 0.22153340241159808,-0.11633950779982322 256,110,509,0
./dataset/synImgs/0600.jpg -0.21170945080641287,0.13858415905892424 112,216,724,0
./dataset/synImgs/0601.jpg -0.020848839885784565,0.1059589562160394 257,34,1252,0
./dataset/synImgs/0602.jpg -0.3076861975829253,0.1896417850471594 109,80,463,0
./dataset/synImgs/0603.jpg 0.2645130017591077,0.1666684086350328 108,201,315,0
./dataset/synImgs/0604.jpg -0.3438070890931228,0.22310901639366026 140,193,383,0
./dataset/synImgs/0605.jpg 0.06864510801104962,-0.13263775269380462 50,78,1165,0
./dataset/synImgs/0606.jpg 0.264957614824015,0.2865350213843339 102,185,959,0
./dataset/synImgs/0607.jpg 0.0006856995240805408,0.14439959060448715 68,77,1407,0
./dataset/synImgs/0608.jpg 0.2044179223060672,0.1819111017972747 77,177,1535,0
./dataset/synImgs/0609.jpg -0.29186507814219537,0.06496801195517454 255,198,603,0
./dataset/synImgs/0610.jpg 0.20444499061418547,0.13700409920533713 113,153,1429,0
./dataset/synImgs/0611.jpg 0.059415891195989556,0.04146473722717897 220,53,1364,0
./dataset/synImgs/0612.jpg -0.07373150538992068,-0.27913969859790555 183,127,1264,0
./dataset/synImgs/0613.jpg -0.32889852274083986,0.0033580889098677735 184,223,599,0
./dataset/synImgs/0614.jpg -0.23436923917142283,0.13766583739914368 109,164,359,0
./dataset/synImgs/0615.jpg 0.1552210679832024,0.08869730818489968 258,60,1128,0
./dataset/synImgs/0616.jpg -0.3452671528014469,-0.23814578678961662 192,31,1894,0
./dataset/synImgs/0617.jpg 0.19788753388056407,-0.07545737079248255 290,69,1010,0
./dataset/synImgs/0618.jpg -0.04290356982651783,0.31358208020559325 58,203,558,0
./dataset/synImgs/0619.jpg -0.04560133996537219,0.3076701878715055 93,58,1564,0
./dataset/synImgs/0620.jpg -0.07774516407422294,0.16807027037646488 154,202,421,0
./dataset/synImgs/0621.jpg -0.13833445312574605,-0.1632384717930158 153,130,307,0
./dataset/synImgs/0622.jpg 0.029326116121935364,0.10657788830980547 214,43,986,0
./dataset/synImgs/0623.jpg -0.31762879594922344,0.12691636580799825 294,117,1144,0
./dataset/synImgs/0624.jpg 0.04440074443141473,-0.28408274122645816 74,203,1222,0
./dataset/synImgs/0625.jpg 0.09228628824407248,-0.19765336528869212 69,65,1667,0
./dataset/synImgs/0626.jpg -0.061054471148539124,0.10493836009083818 95,88,487,0
./dataset/synImgs/0627.jpg 0.3287164398015581,-0.06373620100051891 64,183,560,0
./dataset/synImgs/0628.jpg 0.3399858218665163,0.2957195741620913 56,217,813,0
./dataset/synImgs/0629.jpg -0.22912414577107845,-0.27385505909916263 290,95,1196,0
./dataset/synImgs/0630.jpg -0.22583445681912248,0.17635648507037466 249,27,517,0
./dataset/synImgs/0631.jpg 0.05051909889784689,0.3082910244769737 273,185,304,0
./dataset/synImgs/0632.jpg 0.20350298191356858,0.20029764927434573 228,118,1871,0
./dataset/synImgs/0633.jpg 0.3192710374052648,0.2930682517701025 130,200,498,0
./dataset/synImgs/0634.jpg -0.24137598804345214,-0.026719966262548578 252,178,1736,0
./dataset/synImgs/0635.jpg -0.24544973882609986,0.20392508805955717 249,223,1659,0
./dataset/synImgs/0636.jpg -0.2987208892646984,-0.3224033453296323 261,87,689,0
./dataset/synImgs/0637.jpg -0.1145194833003566,-0.11838905205366443 162,159,630,0
./dataset/synImgs/0638.jpg 0.2599028908095507,0.3180792675335135 264,79,1294,0
./dataset/synImgs/0639.jpg -0.19968939315141837,-0.010290029401130718 61,176,1566,0
./dataset/synImgs/0640.jpg 0.1407803434534402,0.3011697258354799 243,129,1634,0
./dataset/synImgs/0641.jpg 0.036853323703743945,0.17173443366145064 54,136,1128,0
./dataset/synImgs/0642.jpg 0.17971646288042326,0.23785275256903066 221,112,704,0
./dataset/synImgs/0643.jpg 0.16410627319519527,-0.27000902510313257 91,177,270,0
./dataset/synImgs/0644.jpg 0.05762407763334498,-0.14198708613230224 114,19,696,0
./dataset/synImgs/0645.jpg 0.32844716581191763,-0.29216976462531097 277,168,1278,0
./dataset/synImgs/0646.jpg 0.05074495780791205,-0.2899722667494556 122,57,465,0
./dataset/synImgs/0647.jpg 0.190506127881167,0.19175871621487023 225,19,841,0
./dataset/synImgs/0648.jpg 0.23019058233535655,0.2886636089036087 285,63,1731,0
./dataset/synImgs/0649.jpg -0.11685027055979805,-0.1945144999555333 173,169,956,0
./dataset/synImgs/0650.jpg -0.022756056623653043,0.24646760508512017 146,167,1310,0
./dataset/synImgs/0651.jpg -0.21044919000128198,0.26287797416902153 180,38,1808,0
./dataset/synImgs/0652.jpg 0.25693068171424166,0.21178141926773958 32,136,452,0
./dataset/synImgs/0653.jpg 0.0972279475252451,-0.3339489775691429 231,223,1017,0
./dataset/synImgs/0654.jpg -0.3454962290110462,0.14989705324364594 54,43,661,0
./dataset/synImgs/0655.jpg 0.22004093713102407,-0.2729844829096105 57,156,1096,0
./dataset/synImgs/0656.jpg 0.02516831677944925,-0.02377225987461512 163,88,943,0
./dataset/synImgs/0657.jpg -0.19266411786664275,0.21677361193417827 158,113,676,0
./dataset/synImgs/0658.jpg -0.14070422531287916,0.25451953497388397 251,24,1301,0
./dataset/synImgs/0659.jpg -0.02464692437644944,0.2931880035372962 147,67,632,0
./dataset/synImgs/0660.jpg -0.28222924673523375,-0.33442176997295237 79,79,811,0
./dataset/synImgs/0661.jpg -0.28040787518879207,-0.050192120876223933 120,114,389,0
./dataset/synImgs/0662.jpg 0.18035068884856081,-0.24283011031244017 181,24,415,0
./dataset/synImgs/0663.jpg -0.2924481905489249,0.04380275351101959 81,182,1637,0
./dataset/synImgs/0664.jpg 0.26587587753959724,0.005573666836700519 103,123,1310,0
./dataset/synImgs/0665.jpg 0.2559868893792017,0.11695912612363002 206,53,1029,0
./dataset/synImgs/0666.jpg -0.3479938262593978,0.10931191692126069 238,49,582,0
./dataset/synImgs/0667.jpg 0.33164858478136444,0.007047936392180376 39,201,1418,0
./dataset/synImgs/0668.jpg 0.09089321423618107,-0.27899166118450913 167,100,1541,0
./dataset/synImgs/0669.jpg 0.20109441011160295,-0.11972434520440359 92,24,1937,0
./dataset/synImgs/0670.jpg 0.1935810341828323,-0.29693362697402775 259,54,1440,0
./dataset/synImgs/0671.jpg -0.11831595965289718,0.11932079447924893 89,23,516,0
./dataset/synImgs/0672.jpg 0.036168185363772976,-0.29277611450606245 253,90,666,0
./dataset/synImgs/0673.jpg 0.13675185663722017,-0.18653997052013302 31,148,1222,0
./dataset/synImgs/0674.jpg 0.2969525731197981,0.3360048892852943 259,86,1143,0
./dataset/synImgs/0675.jpg -0.2787955924969698,0.2402283757096742 89,174,389,0
./dataset/synImgs/0676.jpg 0.29168876854181897,-0.22517462664794075 53,152,1796,0
./dataset/synImgs/0677.jpg -0.33516011481931035,-0.12332117080310612 69,124,991,0
./dataset/synImgs/0678.jpg -0.24997221430201505,0.28964105288700065 257,86,1923,0
./dataset/synImgs/0679.jpg 0.07521151137792492,0.23812306896245533 160,128,1399,0
./dataset/synImgs/0680.jpg -0.12798363196059867,-0.33084684245850643 253,78,873,0
./dataset/synImgs/0681.jpg -0.021791728587753245,0.24324039879047737 156,164,1310,0
./dataset/synImgs/0682.jpg -0.13812065298704618,-0.02503487184966391 131,35,1134,0
./dataset/synImgs/0683.jpg -0.23000213476023348,-0.23455078817020297 163,104,1692,0
./dataset/synImgs/0684.jpg 0.029597795012502037,0.03748542187876319 294,25,1145,0
./dataset/synImgs/0685.jpg 0.0019091293685638,0.32594801602256646 183,220,1867,0
./dataset/synImgs/0686.jpg 0.1520880841911671,0.054128346775442315 173,188,1972,0
./dataset/synImgs/0687.jpg 0.31268293585463086,-0.2825663226103506 145,22,242,0
./dataset/synImgs/0688.jpg -0.006504462520684096,-0.08395093945920923 40,220,1920,0
./dataset/synImgs/0689.jpg -0.30039168904192076,0.2756795516309601 168,145,738,0
./dataset/synImgs/0690.jpg 0.14192501180110173,-0.11191903744867718 266,46,383,0
./dataset/synImgs/0691.jpg 0.21867257938670698,-0.010263427081592169 113,112,1640,0
./dataset/synImgs/0692.jpg 0.16266991210577725,-0.16183734097028288 67,81,1506,0
./dataset/synImgs/0693.jpg 0.15426430517277873,0.2788638287878345 178,74,1690,0
./dataset/synImgs/0694.jpg 0.1991530279160621,0.3486121014103056 51,67,1184,0
./dataset/synImgs/0695.jpg -0.20268572991708153,-0.11213873290577939 45,179,825,0
./dataset/synImgs/0696.jpg -0.3323820399175647,0.33849652580228456 52,67,1876,0
./dataset/synImgs/0697.jpg -0.22913823961296387,0.053428463717909824 114,95,774,0
./dataset/synImgs/0698.jpg 0.3419388451797423,0.2893849583651223 44,174,1138,0
./dataset/synImgs/0699.jpg -0.07297554232883008,0.17020261016604316 78,53,1221,0
./dataset/synImgs/0700.jpg -0.11346519332075164,-0.11070226316056003 68,52,214,0
./dataset/synImgs/0701.jpg -0.19252949643992479,0.09323636669128299 207,110,980,0
./dataset/synImgs/0702.jpg 0.1574027776539389,0.2643806041454492 90,77,1018,0
./dataset/synImgs/0703.jpg -0.07029194615257217,-0.09089715614725752 153,141,1375,0
./dataset/synImgs/0704.jpg -0.3253790907001318,0.14011321885334133 231,37,1001,0
./dataset/synImgs/0705.jpg 0.1910473910137201,-0.11227788197517907 117,221,705,0
./dataset/synImgs/0706.jpg -0.04729781031044106,-0.3362186167210883 70,47,1072,0
./dataset/synImgs/0707.jpg -0.2870579237099078,-0.11165717360967883 284,203,1366,0
./dataset/synImgs/0708.jpg 0.1762722666025484,0.1105688815155737 162,28,1063,0
./dataset/synImgs/0709.jpg -0.20964707575908217,-0.1158140877859678 63,156,1433,0
./dataset/synImgs/0710.jpg 0.2807557190749325,0.23093587559913403 126,206,1404,0
./dataset/synImgs/0711.jpg -0.2524660574432664,-0.1837370897789642 194,70,1124,0
./dataset/synImgs/0712.jpg 0.08426302089459303,0.023595247769941097 38,209,910,0
./dataset/synImgs/0713.jpg 0.2349904887627769,0.12606665755396806 37,100,211,0
./dataset/synImgs/0714.jpg 0.3271574923514901,-0.0027985031168634156 100,61,1419,0
./dataset/synImgs/0715.jpg -0.0923010255275532,-0.1240354439422238 210,218,1847,0
./dataset/synImgs/0716.jpg 0.3071378064627482,-0.029902472345413378 78,180,1267,0
./dataset/synImgs/0717.jpg 0.16095398998361948,-0.3372939617167472 113,132,591,0
./dataset/synImgs/0718.jpg -0.013459935151069136,0.21631606857424396 158,69,1140,0
./dataset/synImgs/0719.jpg -0.25581357790397624,0.32478338523703804 76,171,999,0
./dataset/synImgs/0720.jpg -0.16253995054210169,-0.10013757143028926 156,87,865,0
./dataset/synImgs/0721.jpg -0.2616710569377596,-0.13115615711802697 197,129,1878,0
./dataset/synImgs/0722.jpg -0.3180663510142203,-0.16815258085026893 248,25,1548,0
./dataset/synImgs/0723.jpg 0.3425184036641256,-0.10042168844492416 72,96,351,0
./dataset/synImgs/0724.jpg 0.09238029462248243,0.13428230104962352 205,70,290,0
./dataset/synImgs/0725.jpg -0.13566826826938735,0.0904370445745648 247,169,1434,0
./dataset/synImgs/0726.jpg -0.10924933755134633,0.18617060727903195 248,65,921,0
./dataset/synImgs/0727.jpg -0.2959489204739112,0.14123842428634975 148,135,201,0
./dataset/synImgs/0728.jpg 0.20108904967142843,-0.27473189646718044 292,77,1638,0
./dataset/synImgs/0729.jpg -0.02404569367533682,0.17885377587934065 208,180,1030,0
./dataset/synImgs/0730.jpg -0.1269543877313515,-0.17968627425672848 35,20,1351,0
./dataset/synImgs/0731.jpg 0.24075349410302244,0.14104109897527567 196,196,372,0
./dataset/synImgs/0732.jpg -0.2355963125962952,0.07853667004299864 230,182,1438,0
./dataset/synImgs/0733.jpg -0.23172318350782253,-0.28030331547323983 266,23,1374,0
./dataset/synImgs/0734.jpg -0.028392099660558834,0.00023522768712586073 44,183,919,0
./dataset/synImgs/0735.jpg 0.26542047906886085,0.14957536304173824 220,215,841,0
./dataset/synImgs/0736.jpg 0.17324774569632911,0.34130032909079905 274,83,536,0
./dataset/synImgs/0737.jpg -0.15240665314605673,0.025977003041131208 62,22,593,0
./dataset/synImgs/0738.jpg -0.23667191735858428,-0.210099579128724 258,44,1500,0
./dataset/synImgs/0739.jpg -0.13631490656765644,-0.2596342609067319 295,134,1248,0
./dataset/synImgs/0740.jpg -0.08373341259871103,0.1470574965715567 162,42,1609,0
./dataset/synImgs/0741.jpg 0.30946361445443965,0.08973223453868456 62,118,1733,0
./dataset/synImgs/0742.jpg 0.3397490376681492,0.15156899091171822 264,217,1221,0
./dataset/synImgs/0743.jpg -0.04355895227661988,-0.17705297183076601 254,27,593,0
./dataset/synImgs/0744.jpg -0.1967839876399632,-0.009461233246855827 291,172,1801,0
./dataset/synImgs/0745.jpg -0.2846721368898085,-0.005485016254432262 201,184,1367,0
./dataset/synImgs/0746.jpg -0.14226068654809007,-0.14854343741653522 138,128,502,0
./dataset/synImgs/0747.jpg 0.21910971477438895,-0.19192272361407697 148,64,515,0
./dataset/synImgs/0748.jpg -0.23809727254830546,0.29821942286116315 163,51,715,0
./dataset/synImgs/0749.jpg -0.09822487367151234,-0.1584652134083616 161,96,1030,0
./dataset/synImgs/0750.jpg -0.3229700030485897,-0.1563912704354419 34,187,1483,0
./dataset/synImgs/0751.jpg 0.018225328030297028,-0.036765402175537476 231,117,933,0
./dataset/synImgs/0752.jpg -0.2849997652486165,0.022789679981211397 224,167,1425,0
./dataset/synImgs/0753.jpg 0.07275670094089759,-0.15884291452936347 287,56,1140,0
./dataset/synImgs/0754.jpg -0.009022289372472403,-0.28703807972714385 55,122,640,0
./dataset/synImgs/0755.jpg -0.08772143652915304,0.1972154625393115 295,158,1579,0
./dataset/synImgs/0756.jpg -0.20409163251846907,-0.028788228571053676 254,76,719,0
./dataset/synImgs/0757.jpg -0.30617810783669047,-0.07839494429187444 147,26,766,0
./dataset/synImgs/0758.jpg -0.12762996705224677,-0.06204997247752836 36,153,669,0
./dataset/synImgs/0759.jpg -0.16223142348242078,-0.335215729716384 241,159,728,0
./dataset/synImgs/0760.jpg 0.08593713102339123,0.22141648228780625 288,142,1620,0
./dataset/synImgs/0761.jpg 0.05437823738520131,0.26559643717954157 236,173,488,0
./dataset/synImgs/0762.jpg 0.03428845391149893,0.2228478634721895 81,33,1011,0
./dataset/synImgs/0763.jpg -0.1676473606030446,0.2379409490898517 125,221,694,0
./dataset/synImgs/0764.jpg 0.2220910939994733,-0.2702965499222868 29,134,1887,0
./dataset/synImgs/0765.jpg -0.11946834100570472,0.08116518226074232 50,88,317,0
./dataset/synImgs/0766.jpg 0.28751947357341173,0.25585298925974914 202,190,1452,0
./dataset/synImgs/0767.jpg -0.29686574924316933,-0.17414501711846128 131,132,1002,0
./dataset/synImgs/0768.jpg -0.06874302067772009,0.0620110222544652 199,175,1802,0
./dataset/synImgs/0769.jpg -0.24869956998563747,0.02027026519119468 98,187,385,0
./dataset/synImgs/0770.jpg 0.110079993343916,0.3478231788257687 243,153,1787,0
./dataset/synImgs/0771.jpg 0.037817561479632666,0.22452263442030312 182,91,1836,0
./dataset/synImgs/0772.jpg 0.25182094626860935,-0.08817938273543308 184,117,1063,0
./dataset/synImgs/0773.jpg 0.08262847845924653,-0.1351846873749121 157,187,1902,0
./dataset/synImgs/0774.jpg 0.32706029744864834,0.17550870745924702 114,119,1476,0
./dataset/synImgs/0775.jpg 0.016862719888817768,-0.20691245529543303 95,114,876,0
./dataset/synImgs/0776.jpg -0.15684537055415418,-0.22590421254305304 216,165,376,0
./dataset/synImgs/0777.jpg 0.016726840974834067,0.15849737671042136 132,212,693,0
./dataset/synImgs/0778.jpg 0.018569822650806367,-0.09236136451236315 215,46,1631,0
./dataset/synImgs/0779.jpg 0.2150078186841236,0.23042424955081248 135,49,991,0
./dataset/synImgs/0780.jpg -0.3292652341555179,0.05949821747681128 171,24,718,0
./dataset/synImgs/0781.jpg 0.1264122811060382,-0.034573128917068596 154,115,1996,0
./dataset/synImgs/0782.jpg 0.24370843501710032,0.1428819122699021 254,209,1394,0
./dataset/synImgs/0783.jpg -0.12206453008582455,0.0422849042811822 285,19,207,0
