./dataset/synImgsMulti/0000.jpg -0.09269340983099028,-0.06259223136002517 0.45939814732560186,-0.33635929783659463,0.3813688773299231,-0.13464644605606788,0.26598471086624903,3.0920624464670756 1.4970405603199668,-1.6377897990652865,0.29460482255829085,0.253769304515083,-0.06009138758818744,5.012272935763761 1.12847276698988,-0.779538818602977,-0.21990956727712652,-0.025535807489407758,-0.014618126275988241,4.126579991439878 0.3302599966782883,0.14819828968385942,0.1827193130384079,-0.34780893519545136,-0.16726466010930327,0.20101555036269414
./dataset/synImgsMulti/0001.jpg -0.18206054104016625,-0.27687997936516306 0.47419666570317537,-0.12120456346809674,0.13939774716686582,0.2620373710579072,0.05318350413608519,3.8351942355235664 1.061081334811441,0.9699735012025794,-0.23669523022616712,-0.18189853617511945,0.22316870153452611,5.0717097994887155 1.6665517353920447,0.9952990638852144,0.11307504030993855,-0.33361436123067945,-0.30615423181246265,4.498045397044419
./dataset/synImgsMulti/0002.jpg 0.27732843382411326,0.19320160145504456 1.0115555084877297,-1.0963624943906765,0.7243202225357819,-0.19806054467094436,0.2613081141190314,0.4339777187471653
./dataset/synImgsMulti/0003.jpg 0.25306352625100254,-0.15111778862971925 1.5866239729666147,-1.6712078271422361,0.026850902907943064,-0.10297063071959398,-0.3232391304298542,3.9011163440599863 0.3242103457040132,-0.12746116121698736,0.264701464026717,0.07624045549317837,0.3062242192062466,2.9843381450099957 1.028405228466398,-0.41211560595781527,-0.4728770720394665,-0.016208610147580127,-0.03674258307423811,2.99416932244742 1.7376756136764093,-1.2849048866159771,-0.015808488753638425,-0.1885443746410155,-0.29658019233188504,4.725119693880152
./dataset/synImgsMulti/0004.jpg 0.23595890976613437,0.07369641649519293 1.201495569002181,-0.29982383165912135,-0.24460327628568335,-0.0162854023123975,0.23062493401819556,3.146704200216332 0.9310630107205689,0.20536621304648678,-0.6604820063205699,-0.1135797841420026,0.20653210719195997,2.3848753043422155 1.186404625350217,-1.1372515645003634,0.5527872856642392,-0.14723399510428523,-0.022413802889769352,0.5585768188387934
./dataset/synImgsMulti/0005.jpg -0.29085171260297427,-0.20028541000218814 1.7317721741310848,1.5801669336029123,-1.1748469410580589,0.048350904897957236,-0.32656915981837975,1.6162396619071404
./dataset/synImgsMulti/0006.jpg -0.19044285337230382,-0.28503439736012676 1.538687876609264,-1.637889131655837,-0.7642508131299307,-0.3166478430067866,-0.16482207848796138,2.6753179888379153 1.2717489976680423,0.8396606351652678,0.7129718969630819,0.023183647645598715,-0.09331574390601022,4.53348123391493
./dataset/synImgsMulti/0007.jpg -0.2707455667837494,-0.04816279828960329 0.6404567876268774,0.22824778252719763,0.1800593653707216,-0.022869913377704998,-0.07069599154155154,2.0122952161636283
./dataset/synImgsMulti/0008.jpg -0.13876874662853866,0.23264821620065373 1.3869299402144775,1.3836157444612704,-1.0681416502675174,0.15388257626840424,-0.14004119099287604,5.814181673654757 1.6532852670306661,-0.00901021496021342,-0.7985898397879478,0.08639067561765762,0.31160956237441134,2.4237468738712287
./dataset/synImgsMulti/0009.jpg -0.24443315840122692,0.05803473171566442 1.4604137599649967,1.007221977271676,1.2051490948787247,-0.1720319518216284,0.06085945603509746,2.1148718650970872
./dataset/synImgsMulti/0010.jpg -0.041746301204299174,0.2263313039274532 1.455228666605766,0.7528641810972764,0.20715448554888463,-0.18876781859238725,-0.31896575237882474,3.8678362773014445
./dataset/synImgsMulti/0011.jpg 0.07512994704323278,0.10305803819079529 0.2799382076698097,-0.23772586462022044,-0.17036938662410564,0.11329313613080694,-0.13182454521976497,0.8277274966610538
./dataset/synImgsMulti/0012.jpg 0.1497465807135247,0.28842074694898095 1.2203566223749143,-0.4444242791500659,-0.5651719744890925,-0.09420140112646991,-0.19750415602731855,2.8208743695302614 0.702707120928344,0.126683237948108,0.029431753022746303,-0.25681351280134246,0.13849077923860365,2.760471497202405
./dataset/synImgsMulti/0013.jpg -0.30838768446750736,-0.2565552164603857 1.1164470798263362,0.03506882121557349,-0.05589976012367524,-0.05715299143530761,-0.2839348709693095,1.1533060585908552
./dataset/synImgsMulti/0014.jpg -0.18079327641492293,-0.10893160357012796 1.1371148210932742,0.2966944824848525,-0.3273073741108995,-0.29390335568609116,-0.07349969566676795,0.8744984884896597 1.3228962888291047,-0.08362109387807848,0.09612390583307164,-0.009717338153680422,0.3250018781026544,5.1543693492295235 0.9621298399102973,0.7058120712674517,0.1885313188282903,0.16930016739146286,0.25369565479078265,0.08142538062549239 0.8330249843861839,0.7536201270334036,0.2189631414032407,0.18218860011684074,0.17146299892339883,1.5782247933112035
./dataset/synImgsMulti/0015.jpg 0.12679057857330872,0.08476408166787053 0.7868514185303395,-0.13526944119250237,-0.5528355590514877,-0.2624744689009441,0.20049196261864816,6.086349771774961 1.4861424920507154,1.3065275393901417,-0.48059884322787916,-0.09194879278894424,-0.2871125418886583,0.7946682008321058
./dataset/synImgsMulti/0016.jpg -0.14176216725730698,0.11199365366955943 0.570615433035443,-0.14456700057971086,0.406451067845231,-0.32145383252978943,0.13258830458436305,1.0539927096872692 1.6216082086870003,0.7317996708252027,0.009601143096100011,-0.3377409707679032,0.04864016016538142,1.0419548142519786 1.2862015380066394,-0.3778751556845292,0.7322334178978182,-0.2364244935024266,-0.07861162926202858,4.944258764854019 1.6121977986169158,0.9530715462580576,1.2210681494592974,0.12039683753288805,-0.0022634005080900965,3.8541224480407856
./dataset/synImgsMulti/0017.jpg 0.052723284716475805,0.26072374694758643 0.6504498378087471,0.5465555812185715,-0.059720951794102466,-0.0480311824879891,0.26169857458370577,4.402416015850161 1.1097626850572848,-0.5969089072332792,-0.6501055145005565,-0.3330067006314337,-0.06628233374403425,2.047313100673122 1.7789272268947542,0.987459860356516,0.966063983026759,-0.12586853905791293,-0.22850644915247775,6.049467321525015 0.3353120063814743,-0.2855811212882052,-0.09371380496099925,-0.0662160252857385,-0.2020200259840657,5.951104062742616
./dataset/synImgsMulti/0018.jpg 0.2004901526771366,-0.14069062709292668 1.4080434210240416,0.42717035332723163,-0.23145573655723328,-0.1672660755696492,0.13663327616435694,6.228158342629383 1.3218086713205788,0.40774013235131074,-0.590532720941254,-0.0032187871365097487,0.1587309325049016,2.990850331801603 1.6767886468357047,1.2938550428602924,0.3958776405060585,0.00662409040626033,-0.3063025303824781,0.006647157625924533
./dataset/synImgsMulti/0019.jpg -0.16951610029790018,0.2203227383695961 0.29620096287292075,0.2543258447017902,0.05028979068466998,-0.1252105215332355,-0.211820022294551,0.04354812369958961
./dataset/synImgsMulti/0020.jpg 0.04723054190385462,-0.12136562694037475 0.7805141547271137,0.767551591738701,-0.23944317127136816,0.06447842077838334,-0.17838908436822065,5.818022445411698
./dataset/synImgsMulti/0021.jpg 0.17458492141136112,-0.11490504815366817 1.92338596243909,-1.7435474738066112,-0.8072944474727461,-0.2287118743832156,0.32404628330275537,1.775044908975084 1.2899148386632735,0.6069444795254617,-0.32878467832561836,0.2941808599871181,0.21079878481091968,1.0145355792601267
./dataset/synImgsMulti/0022.jpg -0.08988392045337562,0.1680679175998127 0.5765537463082206,-0.46418550650960194,0.05966905089846562,0.022108632422894847,-0.2463743121483411,0.5749071197685315
./dataset/synImgsMulti/0023.jpg -0.243861137259941,0.28130235620694083 0.9855134980894837,-0.09485256713294239,-0.5440489285448397,0.13579193204971524,-0.08973029121336079,1.9581850038535062
./dataset/synImgsMulti/0024.jpg -0.3177917776250896,0.32681674379200293 1.4104803375422286,-0.41472322654326793,-0.12639812505559284,-0.12755549060634788,0.3205900640223686,3.7119404215879417 1.2392494010492072,-0.7593063553791005,0.04036546799661147,-0.21534659733879455,-0.10205941371190314,1.5550459826089453 1.6458362212917474,1.1564770815284198,1.2843913401538232,-0.03494942515239752,0.1318526011361607,2.7346348330393715
./dataset/synImgsMulti/0025.jpg -0.08000515678445752,0.14942767094141285 1.6269755268066315,-0.639551631178005,0.057060749209317044,0.33054374245939827,0.26156606276768096,2.49031978717141 1.2608532028090358,0.04743859944606059,0.029112142970290193,0.27579458054561806,-0.2458934781330246,4.806051177713802 1.9807128587147294,2.1539087137697885,0.7066220646535399,0.047389537286534444,0.33490457727232065,0.72373454830262
./dataset/synImgsMulti/0026.jpg 0.1451173710306206,-0.25237010537468724 1.3361891889095243,1.276356035064098,0.35580315744605584,-0.23305195713733778,0.31487948216756206,1.6044471797663293 1.6828669120922373,0.287162126740036,0.06096184682231725,0.3051648875417476,0.25211655865212496,2.6047044257241483 0.2821827179537279,0.19089674224145084,-0.0835052927340801,0.16872060578465303,-0.061913683939181174,3.9202688152673137 0.33436434049802094,0.013269428563718563,-0.28071436882618783,0.12954494105787379,-0.08734133768096192,0.6008081791611453
./dataset/synImgsMulti/0027.jpg 0.03330700228653616,0.11064130693882435 0.2690216231062943,-0.28878709410534503,-0.08336890435353603,0.01895218329064302,-0.3419230999437124,4.357114797105354
./dataset/synImgsMulti/0028.jpg 0.10589081986189813,0.03003772268735405 1.4682501131234291,-0.34991605636356254,0.5355636101337374,0.15268491979923876,-0.19453602870532655,1.4318784871759043 0.31576798755910673,0.11427381774021192,-0.016529794614437845,0.034309915682935066,-0.267532377910876,1.8666008122320048
./dataset/synImgsMulti/0029.jpg -0.09870153592585201,-0.06848967775730114 0.6827508754630593,0.19979359607520222,0.51357234683326,-0.27840510485283426,0.14424884725953402,2.044126497745397 1.5913152616436748,1.6690499157752656,1.2826574451028232,-0.2058173215723753,-0.2864079070579005,1.6958787180397166 0.6510142314472986,0.09032398253547755,-0.3739723499894524,0.13351552525564203,-0.27977894273775866,2.6996013356480195
./dataset/synImgsMulti/0030.jpg -0.2913572763837628,-0.06979815238744563 0.44458577506735775,0.3826390063738844,0.3628002773488607,0.22231754393932696,0.3068682520989298,3.834392617289689 0.4454154506626441,-0.20269268807598367,-0.31036685016005033,-0.18262026644524826,-0.2036558955299558,2.327145816657055 1.0907401770059164,-0.503377687741694,-0.1977775762246648,0.22655805066414297,-0.19029431650547876,2.298179886011865
./dataset/synImgsMulti/0031.jpg 0.31048174977855464,0.033581876089385954 0.4046549864911142,0.0427670148427047,0.28120609575128597,0.06812236327348747,0.291684369990217,2.4601070335078363 0.43770758757114103,-0.20924026496289003,0.15836057334905682,-0.018848495718342073,-0.027226951585018477,5.119416434084494
./dataset/synImgsMulti/0032.jpg -0.2184923533496704,-0.2063795002897707 1.5949305624029466,-0.9820961051046041,0.9200827348212697,0.1704831537075378,0.26813495422106653,1.8932667098344513 0.9554291963468677,-0.6517071592780902,-0.32885904852570563,0.33214150906719414,-0.181315534715587,6.028245196466378 0.5079071217253954,0.430947175946438,0.38485495659231284,0.08642368617896184,-0.28348900953322487,4.2342452831980895 1.7815574293394263,1.6456500590571763,0.10711131240355738,-0.0035979636077148047,-0.26071416682004245,0.8736577946311823
./dataset/synImgsMulti/0033.jpg 0.024117081468412627,0.2624501194171594 1.8710927906720096,-1.8817215305545312,-1.1853928502263422,0.2345380554898025,0.23891014525818238,5.27307394823864 0.8381178328099208,0.7873890994616591,0.5776451683373282,0.3490455621700777,-0.039726816650099916,4.815673723021116
./dataset/synImgsMulti/0034.jpg 0.05329601040495108,0.20485731163159732 1.0442449889307757,0.837162936580229,-0.04344485500056103,-0.17626991934680195,0.24819662350051047,4.0712645297387455
./dataset/synImgsMulti/0035.jpg -0.08753809916971728,-0.3415657191111964 1.1609864507869416,1.1283186075745506,0.625920502000516,0.15625962229560747,-0.2440461639317691,6.2415105427688875 0.5167374168281975,-0.25923920335352035,0.4207931251746746,0.052488511440707875,-0.32967848899971275,3.1666928437120005
./dataset/synImgsMulti/0036.jpg -0.09801083288135837,0.10281953790165876 1.868678799954514,-0.54907143093267,-0.5150537100411919,-0.02176268258901387,-0.1595254824940943,5.697631153559191
./dataset/synImgsMulti/0037.jpg -0.2168355504471415,-0.14005692198290426 0.9134989219561687,0.19986666356034152,0.0682012323587726,-0.03729348922005926,0.11521844839403389,4.882702694845969 0.9353712882312046,-0.9232312363561064,0.20087337431752253,0.02642374607349779,0.32247588585221115,2.7296939908733195 1.0291542706129573,-0.616417611681567,0.4506898829276562,-0.33830561691257394,-0.018295730730503668,4.08052144634567 1.2773787601596192,-0.44641341060757106,0.38413416203171163,0.17505941113777662,0.27860836281504536,5.047293109389901
./dataset/synImgsMulti/0038.jpg -0.16266068163030362,-0.10357414105167317 0.5864857343551526,-0.4903636365886603,-0.10846257722461114,-0.15180853307909947,-0.06757097049182487,2.942930268688851 1.6282661868054287,0.558708172118907,1.3823052664769413,0.24206340541861898,0.10987078033220415,2.965587162781871 0.6330806993052773,0.30163975427149337,-0.2411797425096362,0.09671392103923787,0.0626009777643749,1.9648325148920363
./dataset/synImgsMulti/0039.jpg -0.08965982901909036,-0.3306853953500595 1.932612364146562,-1.0248838350774567,0.07836971283098927,-0.20188498175390324,0.10166248015135904,4.30721713947388 1.4417791497120416,0.4493447537986659,-1.1133562145927347,-0.1286912788230656,0.2299618332712699,5.094189358502259 1.0485007756196973,-1.0391366198648087,-0.43164322099755953,0.24774190479423192,0.16535721321622637,4.33615804415921 1.3212279975487562,1.2548701563029467,-0.11001737946112923,-0.09068342610375696,0.32260401259028887,3.106633835214142
./dataset/synImgsMulti/0040.jpg 0.04290893829667752,-0.19424043472691557 0.23045393857893845,-0.1364295147498973,0.16564309242181935,0.01976588477560337,-0.29766396105937387,3.0713070726721465
./dataset/synImgsMulti/0041.jpg -0.17877837910466066,0.030086508013209168 0.9018929149674677,-0.5588216055737305,0.4643890010871151,-0.17482942077800376,0.2941454934291485,2.2862692425624545
./dataset/synImgsMulti/0042.jpg -0.3293686821961341,-0.047656965040645705 0.760166542343772,-0.4581264016688312,-0.04290784088335508,-0.18651612129610412,-0.1511855176526691,4.557755875382196 1.9699195362048385,0.287770892161247,0.4989679146416554,-0.18250919354844458,-0.17062347149625526,5.403011904488304
./dataset/synImgsMulti/0043.jpg -0.14440312528621643,0.17016692501372083 1.5439055555994705,-1.13178818823993,-0.01403944248805034,-0.20642445073120433,-0.12360437978777944,4.0234578144670685 0.4002965960142506,0.03229312200074699,0.1109020285149336,-0.29428986474337204,0.04894242805726817,0.3072138210777589
./dataset/synImgsMulti/0044.jpg -0.009863814355632217,-0.11451029179742447 0.9493695716852122,0.4012861327736148,-0.1791878867441949,0.037836798587774945,0.15885885318067666,5.409797345980192 0.24981949308514836,0.18234265632406765,0.11049379061301373,-0.028010406305535696,0.34109586857735236,3.141800952675445
./dataset/synImgsMulti/0045.jpg -0.30932809613511864,-0.1424312688319719 1.5800082357074752,1.034130870132315,0.6331886642814178,0.25024779962580085,0.2946379740510055,3.0569029117028164 0.2833841009063944,0.1077297522675499,0.03340036494074498,0.21568646603217229,-0.06983596011733267,5.396599941539158
./dataset/synImgsMulti/0046.jpg 0.33556963892993735,-0.32544361919485687 0.8492668795402143,0.6193647673700665,0.46038103440595357,-0.1466612746058441,-0.20073388765722178,5.51764511864345 1.0910673145912766,-0.10174172468698368,-0.42331561793506084,-0.04231276983572585,-0.34304405662165904,0.6114560474536476 1.5291530086135074,0.05467074060181147,-0.18754985414165848,0.2952498155953524,-0.31715909471501225,0.9823796144223955 0.9128030734091144,-0.7354942265912506,0.26690225150561564,-0.23385916116545685,-0.2523172584348107,4.296607110551067
./dataset/synImgsMulti/0047.jpg -0.30521186080350615,-0.28125522999121977 1.5536577437925296,-0.17504205649500443,-0.4451780375451602,0.19836440096797142,0.17330059059764252,2.0842518666125582 1.4604404847377523,0.44214390882929944,-0.625679260282581,0.26300662401169356,0.34174682986520494,1.6915016929210591 0.8313704883443249,0.5194497531946364,-0.4632264964763108,0.13398617292019033,-0.09587511488202582,4.823724222971318
./dataset/synImgsMulti/0048.jpg -0.2306769062808014,0.197055618368494 0.8272997651039156,0.891119972631988,-0.3236420842081539,0.09788660960084133,-0.2658561160464604,1.3220544658747366 1.254295321471513,0.6643494483266362,-0.09593295903902019,0.1565822109193416,0.11348426415262547,5.7421673234930095
./dataset/synImgsMulti/0049.jpg 0.03986876440520448,0.259283409665155 0.3906860937542378,0.18079970301628648,-0.27009452959584707,-0.07803697536204318,-0.006479768198528024,6.022586208699159 0.4110345548711223,-0.15789740435215616,-0.29265649201612487,0.3459354453231019,-0.10551020667517189,2.4033221394596342 0.894600016811703,-0.7112447735800127,-0.5968496670182105,-0.12191435011025212,0.3135605964704819,5.79738401565331
./dataset/synImgsMulti/0050.jpg 0.3062846708870916,-0.04991082644431949 1.202772899332151,0.42300349288776967,0.03763664161931368,0.3233566257059443,-0.06642771729032726,4.584260115618257 1.4691774926792132,1.5231591964041902,-0.8309376802295909,-0.14739246162393965,-0.31683065379874475,3.7099618621303074 0.544077150155081,0.30632365734581907,0.015723879901553446,0.1933019161241693,0.2746938413632008,0.5025821023108935 1.3933614133215722,1.1020991656330263,-0.49968645857887284,0.28139481428904994,0.17590971644617798,3.4124012321656685
./dataset/synImgsMulti/0051.jpg -0.1804870754923974,0.20459130036677536 1.1301511986903652,-0.6935180089024419,0.2061889781842925,0.0819111080957543,0.1722281001232135,0.5092240185166043 0.9008361772481932,-0.4899106861275928,0.7125351133044219,0.2572372789147433,-0.021423653007228538,5.192657091497489
./dataset/synImgsMulti/0052.jpg 0.2629616125818201,0.3025042662771538 0.68715070627754,-0.09956897390718476,0.35127493126029063,-0.10333748454599687,-0.01698547168944664,3.806616197713295 1.821790959806957,-0.9810623244637515,-0.8660994637158768,0.19774908097957616,0.11440785813471294,3.1719166092582203
./dataset/synImgsMulti/0053.jpg -0.12019103917496513,0.09970892010141935 1.598083802479421,0.9768437277179723,0.13998754728683163,0.047135163902412014,0.18029967058971302,0.8505578490903207 1.3556409205436972,-0.7306142127652628,-0.5617205422333836,0.28958561741922156,0.3400700833880101,1.9949787780672474
./dataset/synImgsMulti/0054.jpg -0.022480488814468846,-0.23069987914291074 0.9618786174785932,0.9482647027243108,-0.4692949342765072,-0.1272871979870989,0.06745526246831396,4.116933395721545 1.0146515103711482,-0.0699479598130265,-0.00582525794209519,-0.2258360598541475,-0.20965299611068525,2.2863718746157624 1.942085390839721,0.35547590807684737,1.6376603008150266,0.047188652992111224,0.0005573485929625255,4.114634767262632 0.8769162597543019,-0.09095266025945968,0.1934620217695236,-0.07007941499272968,-0.3123371701693951,3.766764606498718
./dataset/synImgsMulti/0055.jpg -0.10549372688672679,0.2928469825956837 0.5692070159078146,-0.2074970762242141,0.003662512791513304,0.03327172956354513,0.3199432887456399,3.6634286272482175
./dataset/synImgsMulti/0056.jpg 0.19117191263306582,-0.264763147134135 1.4050229423370988,0.7238168474914627,0.7834327022829101,-0.07897930957605703,-0.09934424690928273,4.247296342359734 1.0647434597417131,1.013125846289806,0.81553588345295,-0.3167467892794857,0.2635749554775995,0.309138873369995 0.7149090203870425,0.760297639344875,-0.2248123477063624,-0.07140907958813414,-0.20051681301448318,2.6879229698614338 0.4942135066582781,-0.2114947199292528,-0.32010993293667067,-0.07153779096033791,0.28997201891591656,1.031343457175546
./dataset/synImgsMulti/0057.jpg -0.270103066956746,0.31697604212411973 0.497448784427211,-0.3884439139992527,0.0515318314301362,-0.01654767935408158,-0.273377132697108,2.8125790390390937 0.33389312702253116,-0.2424384007690374,-0.23121040260246536,-0.305742259970721,0.037631769432741935,1.3778974907071022 1.8912263467371726,0.9367449405466336,-0.16221281004557236,0.12817246049246678,0.13376121506184557,4.987645658485419
./dataset/synImgsMulti/0058.jpg -0.3337931236601794,-0.12767352024584694 1.29938669573185,1.0299406085194567,0.6024065020872377,-0.14162679217012764,-0.1963887998415019,4.351777166906043 0.6812276918338444,-0.47257965566759674,-0.0520620297008221,-0.11717351164734444,-0.18972837820590188,2.9284402641474383 0.3135309656468165,0.04676672438477687,0.223098583598103,0.13580578911202906,0.12830939009158454,6.166899017618267
./dataset/synImgsMulti/0059.jpg -0.19623284216770864,-0.19714602383442695 1.1892075246561156,-0.17018625814210664,-0.9950896662248733,0.0075930035930072415,-0.34844554655242366,5.379042835022946
./dataset/synImgsMulti/0060.jpg 0.12528904738387198,0.17300905203416267 0.6111679961910205,0.3500754104186669,-0.40671388010355075,0.15042904573646226,-0.3147843969425655,3.46434079162421 1.0497698455999027,0.8024871086049831,-0.887544444586907,-0.19902954505176687,0.2016740830735681,2.3799024806253852 1.467767529259513,-1.2691515060931366,-1.015336274358243,-0.04091835709151215,0.2296028234436021,5.722620189217318
./dataset/synImgsMulti/0061.jpg 0.07133242783445287,0.3375636415148561 0.6379178066201148,-0.6096899249299009,0.4654408024299013,-0.2522113290910789,0.2740711735794263,2.256884167035908 1.88173148766579,1.01716997411666,0.20560660974572054,0.3367180937129523,-0.11872175628936102,3.155596128778329 1.1458246272745956,-1.011046476022816,-0.9107373806162786,-0.16000072645148464,-0.09793247316759135,2.8592702632829736
./dataset/synImgsMulti/0062.jpg 0.02418524380354098,-0.12292903190293028 1.0660759018623316,-0.6131665214957571,0.4539516431603156,-0.1575423684429559,0.29307630556250625,3.629371386824456 0.24491425684008108,0.06521234322771818,0.16092134297501567,0.1289722970564222,-0.1287759456418217,2.400939114133925
./dataset/synImgsMulti/0063.jpg -0.101401214491806,0.3083491734578048 1.3963555173403852,-0.07511941791900734,-0.16111401991482754,-0.05618409518014139,0.0778396873417378,4.523191450804897
./dataset/synImgsMulti/0064.jpg 0.21064371731658266,0.23954520704460674 0.3334839842146134,-0.0318364182028931,-0.2574948619282552,0.025865408380870925,-0.10928783941235334,3.548697412104816 1.8605593668005753,-0.5097125978051045,-0.1827565050295173,0.2097052316329457,0.14015512429147792,5.602617801265438
./dataset/synImgsMulti/0065.jpg 0.06388810463666827,-0.16749384938818682 1.8505485908512203,-0.20362775131919464,-0.9856836700991147,0.3185690163980767,-0.20825877888957617,5.901095782175056 0.9256292370302039,0.8202459675231754,-0.6840689635064207,0.05903645078967035,-0.31956854093001785,0.5534504547443806 1.4876131661281071,-1.3944066405365885,-0.7815800605271442,-0.34118664316142755,0.20793269587322777,3.0903205083163803 1.7097106891435847,0.7362158683807104,-0.8372636372865729,0.08774760125436198,-0.027236592573568696,4.769113358863507
./dataset/synImgsMulti/0066.jpg 0.1080937068431812,-0.038064557646535324 0.8819031016589072,0.5512807826467712,0.6106893035745394,-0.03933872737887384,0.03420015521443054,5.267234780088995 0.9277315719566253,0.2389496520276463,-0.7290929422147339,0.3376012884322643,0.2590427570401635,0.5717709887232059 1.699600409225592,-0.3922176634064567,1.315157717240779,0.05705131483145409,0.09516233269018765,2.854216959895278
./dataset/synImgsMulti/0067.jpg 0.33831689615195143,0.20101358157594867 0.5575148640311595,0.00035687483253834076,-0.16081894422034082,0.2865348390074937,-0.17192536884513948,0.2559989070734023
./dataset/synImgsMulti/0068.jpg -0.003986356760980803,-0.30229435933457693 1.721819689259309,0.03258415325282309,0.1850884757702975,0.2438886927388964,0.039575096616511096,1.708451928488656 0.5217052623200363,-0.11346283876597281,0.030600899903897437,0.0690743686570836,0.1275384284306072,0.8730622002216797
./dataset/synImgsMulti/0069.jpg 0.2722452383766449,-0.29196363497715444 0.393047876727211,-0.1157307538395741,0.13161553758953828,0.13387524150944513,-0.3233718649418634,4.463981051890887
./dataset/synImgsMulti/0070.jpg 0.01073800983990797,-0.203963083554465 0.3418852782346832,-0.24093745289916071,-0.1742979053197597,0.02886385283591808,-0.08572376819984834,0.40018664501095097 1.1818795201197139,-0.510073830869023,0.11812560760826753,0.0975680237938904,-0.12385400462813864,1.9663471696164971 1.9774770497200627,0.8242105656719033,0.9818623625515779,-0.2190243428332794,-0.010084634997598596,1.4824983464224668 1.6443805792753166,-1.4578548903580122,0.59060187761485,0.25287304333845545,-0.026233238198000497,3.9358618785935526
./dataset/synImgsMulti/0071.jpg -0.2311219977813775,0.29899992934327374 0.26729885473809356,-0.13514789503135333,0.10070589794310676,-0.0326594584371242,-0.09668943461279234,4.5884452953300645 1.3996679237557486,-1.4786578232780514,0.17686562240757406,0.16891010818894886,0.0062726557839482,3.3836790671096315
./dataset/synImgsMulti/0072.jpg 0.12675039584453246,-0.17087899507910037 1.387335334323744,1.1036594437724978,0.2608141132541298,0.33628690146770285,0.23228634880627713,1.16888474240095 0.6264116068014091,-0.09932579871767704,0.18021399818836803,0.28144883289807426,0.18988461495408387,0.20910360626292843
./dataset/synImgsMulti/0073.jpg 0.08484250043162128,-0.004067106404124277 1.6672876106693524,1.2967898422344035,-1.0835910410293683,-0.1667807003915116,-0.0015542233551595896,5.207627094793776
./dataset/synImgsMulti/0074.jpg -0.14828953370489448,-0.0023556114309722376 0.7252375285606509,0.10129872638052737,0.5797518875191159,-0.17549161148529951,-0.18063798105164616,1.3093114365123109 1.8804518045491734,-0.7764794495785906,0.11492795304987904,0.29963737410253105,-0.21818569688531964,4.882272397370138 1.9135287265043686,0.8069881746891608,0.13796216143890921,-0.08692081124988654,-0.3082069802579596,1.0675047052454825 1.9540158936738943,1.2302910779946654,0.7780746287014807,0.3026199667535084,0.010941702176108015,3.9538625459024255
./dataset/synImgsMulti/0075.jpg 0.08599289720146286,-0.19769556554429712 1.9307756877265907,-1.4135476133939535,0.5469775065252047,-0.16138876311587533,0.16064435495559454,4.36526611405535 0.7706390651568855,-0.32839275162253534,-0.3973879652861937,-0.1725484583520813,-0.2484947898392423,2.8651323572140166
./dataset/synImgsMulti/0076.jpg 0.1389841903943989,-0.14319791369317802 1.1010084335448675,0.6506366228221758,0.07004847720891945,0.2525378381139874,0.18765881038247462,5.016214163658454 1.5737342065481519,0.6099047037689195,0.7646313989585446,0.29333432669914355,0.12029241709082511,1.6830072495110695
./dataset/synImgsMulti/0077.jpg -0.26524451433801893,0.19190095766691423 0.2558499687273851,-0.0810823505170889,-0.0827450228204197,0.1325342954681703,-0.172345468292306,5.210822105833335 1.7413629931492465,-0.8401063522606996,0.6193332132285151,0.305456753405492,0.018758996691123464,4.8367864792047826 1.2005396713160024,0.245420957599288,0.2044748112041293,0.23539266142238863,0.3054324494146817,4.491484995337415 0.9284303893554096,0.6067897711395878,0.12994385678001322,-0.08628762068331464,-0.19547288917231312,1.5090498770686271
./dataset/synImgsMulti/0078.jpg -0.16188667357111763,0.16782273547087295 0.529862648746622,-0.00975113095433585,0.4473070104387933,0.24644256797329317,0.1234409045916478,0.32632133126361274 1.8573630296846677,-0.9178672298042794,-0.03799809245509814,0.32545071668914377,0.3208079537669117,6.276495308299135 1.6912793663106562,-1.115815354459023,0.9506056971793116,-0.06121640971128339,0.26463296568248934,3.5986117666323696
./dataset/synImgsMulti/0079.jpg 0.02100745945543131,0.3249888128607858 0.9073497699525503,0.8957300863486792,0.056528541528017354,-0.30834130844743807,-0.2202591179454579,5.6437740731587835
./dataset/synImgsMulti/0080.jpg 0.2509886191548469,0.028548697070546025 1.5647845989770905,1.0416353839213124,-0.2614741027969613,-0.16016454238440345,0.2637701436449668,4.6632941646034975 0.45739110741244055,-0.4448345286417534,-0.07792234103038076,0.0704733320003082,0.0015494354804507227,3.151433767851717 0.7706832492397837,0.29568271112651895,0.003495933642592254,0.2259202617253983,-0.0358596335139279,3.227377839148807 0.33432523028861527,-0.10843312371282142,0.1237607182822851,-0.07561733502433982,0.22977637693686354,1.619585281467351
./dataset/synImgsMulti/0081.jpg 0.34245979962081635,-0.2371836024728402 0.8246487777393046,-0.1858065588009103,0.07329189085409733,0.08945627193642769,-0.22734451505411185,3.427207624734637 1.5409297483427091,1.398537053957971,-0.7085914295430229,0.34528100583636606,0.03387500262590598,3.6370751510774757 1.965848683948491,-1.400028587704182,1.0411358140152416,-0.28599676160115217,0.26275834157764083,4.717533623591688 1.9959653919239528,1.387897842441378,-1.5921020900952714,-0.104989898566648,-0.08619417309358879,0.5394058280898465
./dataset/synImgsMulti/0082.jpg -0.32164174316586586,-0.056103119341035956 1.3375952111989287,0.5248563116706341,-0.5256234714873355,0.28835252561656727,0.34642858388625014,5.239505012410811 1.3751353843428797,1.510235460355536,-0.4564160727503932,0.21863899989693109,-0.24771395014146658,4.971787556542961 0.8615912161925747,0.7865090857534415,-0.6236149555897689,-0.2852469200645799,0.13216503857084405,1.4264140361086899
./dataset/synImgsMulti/0083.jpg 0.23065183183787846,0.11799023852461793 1.1336272570834391,0.7029482856276255,-0.6913984695555956,0.3193530815257492,0.3123161960803262,3.293083417062615 0.6161153404301054,-0.3640566123503442,-0.1862751794421654,0.25945201279302005,0.30951121986110647,6.212977856600412 0.23815664527471503,0.22947890889462835,-0.05353833408054889,-0.164426269226934,-0.0512188851787031,2.920087583095563 1.9514631532087672,0.531363618941975,-1.543996687513437,-0.1287368216904797,0.1323522145627431,0.17113377333832952
./dataset/synImgsMulti/0084.jpg 0.33410467615758394,0.19292466251775803 1.4469159498032451,-0.9227128986515902,1.1163576584265391,0.051383205593796166,-0.24478889214265753,2.0114217529130487 1.0802134528414382,0.8679608260905314,-0.7296592968713269,-0.33949280130308795,0.22074493543216295,2.6698806877213714
./dataset/synImgsMulti/0085.jpg -0.2868785074995185,0.002343622028005643 0.6517060016434137,0.37833355807539093,-0.024833027931368688,-0.13611287191574162,-0.2307260121335743,5.015799917512681 0.515496918661952,-0.3325245569053437,-0.201402391035721,0.34883098068406754,-0.3409358579443415,3.373582099418287 1.515180079745144,-0.9720487846610688,0.14694803485775457,-0.20274244963168161,-0.02732744266655235,5.948418148271864
./dataset/synImgsMulti/0086.jpg -0.07465182614984556,0.16652825478495564 1.2397464441071324,0.2505053126359958,-0.8687698061997331,0.18494084734771482,-0.2555858273939458,4.037002448040587
./dataset/synImgsMulti/0087.jpg -0.03829097711811896,0.12613541669867506 1.556823521179858,1.546079447837369,0.981952264619897,-0.058728234519905054,0.20342235752122223,4.414626793875406 1.9843262730521833,-0.5213480762033524,0.5234554610371271,-0.033272386745054505,0.24353565952106865,0.5903508191117957
./dataset/synImgsMulti/0088.jpg -0.04730061405116398,0.343003416030599 0.34477057535891753,0.31854667395315805,-0.1534993669643461,-0.296977129591979,0.19833019787268863,6.070023148665101 0.7744455950642606,0.421327932927433,-0.6099840454046154,-0.10244630676784863,0.11081278577500214,4.904131274724617
./dataset/synImgsMulti/0089.jpg -0.05634649980795786,-0.24068903262882335 1.1330646515343752,1.187829226879349,0.8803525606630188,-0.022775593078155743,-0.11992767198366738,2.891922275989111 1.8417762073343706,1.5713604164845736,1.2056774063774605,0.3055708258403778,-0.29571362439912097,0.5258384646682761 0.9196713910392134,0.485907964478638,-0.6794362456753853,-0.12599234600815265,-0.28033392524738393,1.838045037748367 1.5125686111523327,-1.6142436409366852,1.0571202214702025,-0.02842489548031052,0.25397993589329765,0.4768567115886737
./dataset/synImgsMulti/0090.jpg -0.22068366720737562,-0.2637359696979388 1.7185966205035559,0.8338048330355021,0.4780884336701647,0.24342028916301078,0.2430081096379197,5.747546839454454 1.6830975829871708,-0.6639525126641962,1.079188226814688,-0.2594402063341526,0.28863218040866184,2.07212458800313 1.3670105490750295,0.06409712005616432,-1.0850709531563274,-0.04949812460809594,0.0692574992410076,0.1942403282824422 0.2983662428782245,-0.2771202612989812,0.13521412371853317,0.19372992317682453,0.04012943128365987,1.137455758173856
./dataset/synImgsMulti/0091.jpg -0.10348646628782071,-0.20383603617516868 1.3388783934375506,0.04854149926437905,-0.4848550984268221,0.3043246677240023,-0.025343248223390125,1.8178642783045127
./dataset/synImgsMulti/0092.jpg -0.17692930590602113,0.11943511848692323 0.4844137273552342,0.3280627238538589,-0.22287661435146955,-0.23795178139536072,0.28267969284286215,0.27789223656184053 1.1541392306332385,0.4890330939263072,-0.4216951307096067,-0.3481657314840137,0.08167783330413386,1.6307734147468433 1.0336184146182406,0.6168378784278742,-0.14668597036276285,-0.2903167312635731,-0.11354204079842203,2.471454276611415 1.7242308350048112,-1.7257102206269854,0.03075604502813399,-0.212740805651173,-0.2216817337676956,5.168995202135014
./dataset/synImgsMulti/0093.jpg -0.14636373113803222,0.11598402885602516 0.32236284019880623,-0.02621011766678578,0.16055728570481945,-0.27983603725888473,0.05302737189641521,4.968335553778775 1.3474704114608915,-0.9463481360390067,0.16266026740359862,-0.3155454546410117,-0.27830991071912403,2.1767493253188235
./dataset/synImgsMulti/0094.jpg 0.2353006332399568,-0.015415970561961867 1.5448322434500965,1.2271839389679493,0.7354316651367168,-0.050577718027149,0.20436791828093487,3.925725130246715 0.739726253166604,-0.3427021883953802,-0.1405516936046474,-0.1215821230783293,-0.3042194998169172,0.04411929254789023
./dataset/synImgsMulti/0095.jpg 0.08302780681758132,0.32075438548920815 0.9124197827621265,0.09982116403418181,-0.7147749444262661,0.01401215883854151,0.15768600528224225,2.4979573736835645 1.5965307463797687,-0.06069029124601505,-0.002207271169511745,0.042627458331830625,0.21342857728779713,2.1688602782391935 0.47078058714376936,0.01402542104813681,0.3712232795861145,0.1477473132302039,0.28363321492983823,0.08144341702204645 1.3652654110335742,0.041966428425975276,-0.3925419117953277,0.008006658620204332,-0.07165036852005624,1.8199727980876017
./dataset/synImgsMulti/0096.jpg -0.22861034490194249,-0.24785795775689104 1.7465986724876654,-1.0307168981411838,-0.10646200064859164,0.011546495391545286,-0.0213569325640387,4.624108694356578
./dataset/synImgsMulti/0097.jpg 0.32324090421099244,-0.1575553373768822 0.5654175939498007,0.028838085857852767,0.07301107062044722,0.1385576091377903,-0.14001983199717197,0.25257541997292343
./dataset/synImgsMulti/0098.jpg 0.2183948921337106,0.13418792354567582 0.45633920134347516,-0.31606251658043855,-0.03717703358359123,-0.28325931338552285,0.0871336821849591,1.7082595498629083 1.1061296233817874,-0.13430031308168142,-0.8276332830859353,0.3341490849075414,0.2717113690983753,2.9445703840633226 1.957507409892447,0.5655391281144809,-0.4561921585817139,0.20004814418646283,-0.1998667833016042,4.864532135495025 0.27387539510832243,-0.014405473452653292,-0.12562765391391836,-0.2686582850916424,0.3407666675364332,6.197085510032903
./dataset/synImgsMulti/0099.jpg 0.2502641984646416,-0.24523176312428194 0.39352748899875034,0.23835184907091528,-0.07955135621377812,-0.19694124851373548,0.3367078051074967,0.8586391547486543 0.8424751278395766,-0.7756611789171598,-0.3323913324725292,0.05413192313694909,-0.10832745852443465,2.880543009294888 1.9093064274109746,0.8878027486641743,-1.5219382064805227,-0.11263683021662382,0.24042626665906003,2.041355780348691 1.3027115584167912,-0.5147116553396424,0.3104794465614744,-0.19882388528009284,-0.19831015630974502,3.7009153199060623
